851 705
13044	
142755	
131454	
70780	
99862	
90112	
120662	
42219	
102211	
140299	
133370	
49419	
130982	
135488	
23988	
71829	
151287	
119437	
77071	
121694	
37839	
65083	
10574	
17154	
34339	
73502	
94540	
178691	
101124	
141965	
183900	
165422	
71789	
186648	
127836	
17060	
16422	
81920	
40637	
184754	
23233	
139500	
51641	
50667	
70910	
40461	
115104	
167300	
128541	
182891	
117525	
111964	
72085	
39187	
5216	
27724	
72093	
143613	
193565	
133788	
48925	
90265	
117763	
58260	
161984	
71826	
21963	
22995	
88336	
96667	
66881	
3027	
156319	
60376	
55853	
60504	
131028	
78150	
197080	
108498	
191072	
135456	
172158	
179159	
62946	
13479	
82336	
194402	
40047	
161610	
81409	
64183	
131351	
84405	
141117	
160615	
32154	
85433	
177739	
138146	
182502	
105615	
41061	
149115	
124184	
85898	
161407	
145928	
119578	
70115	
3897	
175701	
33223	
73026	
142410	
4822	
3088	
45670	
76386	
41422	
151642	
98767	
37135	
198559	
167179	
91147	
35425	
74283	
7006	
110189	
51540	
74980	
31712	
122438	
35766	
168243	
41865	
112435	
81395	
105361	
167432	
69738	
85590	
3915	
1003	
175973	
156719	
171581	
64530	
122124	
22616	
25969	
128764	
178314	
87799	
121890	
44531	
156644	
169201	
128255	
156002	
90108	
178808	
164467	
157365	
83274	
16734	
56494	
136757	
164438	
188538	
84292	
48505	
184643	
159702	
181100	
179681	
95037	
96618	
61403	
81241	
109079	
189924	
166938	
169575	
187712	
798	
75828	
123775	
2662	
49195	
49385	
24925	
93705	
60719	
80871	
156482	
60691	
126522	
159081	
179589	
3222	
99576	
110027	
192271	
168852	
135289	
194383	
151317	
30945	
48833	
154095	
15175	
68031	
22940	
51488	
24134	
152609	
88237	
177793	
110902	
70205	
66206	
53754	
108890	
155855	
173333	
78243	
194955	
21827	
144799	
193979	
107835	
16731	
15376	
65071	
162260	
115624	
106268	
79792	
190916	
113976	
34898	
184877	
99061	
31340	
2566	
3851	
176368	
51450	
150564	
87445	
115368	
123753	
168333	
16481	
12231	
149186	
130596	
197884	
121706	
104133	
6053	
141804	
126214	
139461	
158946	
195223	
97948	
158382	
115089	
32351	
191836	
73429	
105151	
40888	
167751	
47256	
38633	
37791	
67098	
135260	
12112	
54927	
107311	
5393	
179105	
56336	
48278	
196501	
193672	
84180	
190617	
184956	
21718	
148544	
15250	
5211	
110453	
25328	
61767	
106806	
163974	
77939	
6310	
35490	
69027	
1421	
142510	
153106	
149568	
86069	
11431	
8873	
129578	
28917	
41869	
26414	
90130	
125424	
51945	
47397	
24039	
7226	
157865	
36663	
58590	
66584	
195825	
142179	
154749	
35553	
108492	
152012	
197510	
49435	
32193	
44305	
111312	
142485	
185731	
160512	
162300	
24583	
67980	
3223	
165204	
55230	
49853	
78118	
7490	
9424	
131847	
128226	
184605	
129016	
24328	
151162	
189199	
175825	
62756	
68220	
196947	
99631	
75127	
5212	
176440	
107129	
175301	
174570	
52319	
60862	
198612	
145871	
17231	
62584	
65455	
140379	
135538	
137125	
187489	
58395	
117315	
14594	
61413	
79730	
183860	
6542	
194138	
167934	
175846	
188785	
33697	
141770	
36868	
120301	
58729	
134739	
102421	
119319	
75300	
195889	
171845	
63204	
22270	
105825	
86170	
119840	
149787	
163740	
121309	
155929	
197467	
54595	
113111	
195998	
186771	
151751	
42205	
12568	
81619	
151293	
142406	
175373	
99936	
169112	
155263	
79390	
41287	
1050	
57209	
6962	
58140	
61276	
35009	
166342	
62554	
17404	
88837	
105241	
153760	
42485	
141834	
182428	
135730	
140195	
147926	
163008	
4185	
18422	
139450	
73318	
124343	
25983	
114268	
151995	
67077	
145359	
101744	
162603	
6164	
110009	
73842	
103977	
71146	
27055	
195548	
39097	
102651	
563	
125573	
70498	
131055	
153959	
152896	
150343	
134166	
190770	
74211	
39748	
90151	
111421	
154448	
49569	
183119	
51720	
257	
122997	
114967	
119021	
7839	
184050	
58939	
96040	
158109	
44813	
128642	
192337	
2744	
68761	
173478	
65083	
194760	
194904	
138669	
125050	
34596	
163820	
94949	
79640	
14470	
187107	
86148	
65426	
8886	
75193	
108576	
37510	
92091	
80028	
111498	
27743	
156028	
190413	
153107	
27173	
182704	
18539	
149398	
104804	
136258	
96015	
117064	
180119	
62029	
70367	
75554	
124652	
133159	
179348	
51966	
47093	
170748	
172099	
173399	
33695	
41119	
139440	
153339	
176251	
196894	
73379	
122450	
21117	
110223	
126788	
101793	
127536	
102695	
70250	
161343	
149968	
144279	
169231	
68958	
198488	
159537	
53269	
197838	
35988	
16796	
182695	
127822	
199539	
129395	
194586	
171911	
33642	
167653	
56926	
153096	
51684	
196686	
18205	
172158	
132862	
3796	
53308	
119068	
3127	
121517	
7328	
120716	
96359	
91019	
187132	
112091	
25745	
40880	
191420	
90840	
23451	
29996	
46275	
188865	
53103	
111573	
156788	
179843	
102087	
145971	
109454	
87833	
81109	
136092	
36281	
91553	
14750	
58210	
81146	
105120	
129197	
187950	
196172	
94683	
183507	
45538	
41895	
69046	
140020	
130070	
56274	
43289	
117671	
129400	
196549	
110814	
41901	
29360	
185353	
26075	
117936	
142890	
47487	
193674	
3262	
136299	
130719	
33052	
83892	
153050	
77313	
164538	
55855	
153161	
146034	
76146	
195724	
151449	
146408	
137100	
191251	
169035	
199897	
174219	
166050	
74456	
179244	
151159	
92855	
129422	
139577	
66955	
101930	
11290	
45280	
56374	
143746	
197615	
194862	
64238	
63961	
77825	
150312	
73350	
3593	
44356	
196365	
89032	
108234	
108509	
67421	
107656	
140998	
65664	
90006	
50540	
160930	
52653	
196495	
122388	
27778	
130275	
36673	
172700	
26833	
28360	
165301	
152634	
102845	
168569	
168176	
130450	
87745	
138822	
37518	
154702	
107365	
132418	
72077	
21378	
187061	
102838	
62502	
149840	
23271	
3196	
34004	
3045	
153168	
2987	
48557	
77507	
80932	
148391	
193844	
58407	
89834	
126594	
105285	
164425	
33848	
141828	
95035	
162339	
128206	
9877	
52674	
158199	
151806	
165054	
198279	
62279	
75948	
30054	
71744	
29673	
88297	
181521	
146932	
49906	
126273	
173617	
67614	
15114	
144590	
162249	
87066	
85538	
112987	
48592	
92015	
122352	
38370	
118493	
116866	
23532	
61010	
139769	
26812	
20560	
190786	
113053	
67401	
157829	
72999	
114142	
114412	
7110	
99282	
81827	
73266	
82104	
168218	
165174	
69304	
106329	
135268	
58911	
18343	
136133	
77335	
127723	
126293	
167222	
73441	
2768	
33769	
183594	
96846	
192666	
122069	
129305	
172723	
195954	
126976	
163806	
188903	
28703	
145855	
124948	
55892	
24033	
137435	
66402	
22900	
21477	
158238	
103640	
187793	
23163	
4278	
121158	
34703	
119805	
68405	
69535	
196661	
30536	
25690	
52880	
135877	
150697	
54077	
168464	
122591	
90401	
183310	
97962	
175097	
62177	
119917	
11876	
85087	
76986	
111644	
40436	
85102	
147709	
132758	
5301	
159501	
86223	
84395	
93632	
159671	
64663	
127515	
11070	
70532	
32236	
77332	
182194	
34255	
124007	
61128	
87293	
100425	
110800	
92927	
11076	
37269	
112858	
189910	
135681	
129510	
10421	
179476	
80811	
85287	
135378	
159165	
29156	
104226	
111592	
146092	
132726	
179930	
59227	
86942	
60280	
38167	
72296	
48372	
70733	
193020	
166983	
179098	
3247	
34053	
20085	
33865	
111612	
45342	
133319	
159566	
155576	
115374	
176907	
66777	
625	
186922	
168789	
53552	
127259	
30613	
132583	
94229	
192237	
62062	
115743	
126906	
78415	
4262	
4974	
9520	
91847	
175734	
152547	
189706	
9299	
119468	
7719	
17711	
168624	
3794	
36124	
193924	
153809	
162785	
16073	
104068	
159209	
93612	
69707	
123026	
8444	
159763	
105375	
68907	
97779	
33535	
62707	
19049	
144875	
152879	
151213	
5003	
62999	
121473	
23843	
166412	
179231	
81401	
190283	
122977	
91444	
55217	
81378	
136084	
95371	
183975	
134217	
166283	
566	
6028	
117102	
82380	
178172	
30330	
42462	
158635	
138164	
39615	
2452	
130693	
1856	
21941	
1504	
34358	
5238	
91413	
44685	
164567	
34333	
95570	
126941	
102526	
107112	
170944	
101984	
62125	
2339	
41039	
169935	
165837	
83816	
119045	
133196	
57488	
44460	
78400	
188144	
55066	
28640	
156341	
160637	
116600	
118460	
126901	
193673	
100470	
166136	
102458	
105477	
183022	
186511	
176860	
55163	
151524	
145276	
81180	
93153	
17039	
90262	
6509	
92483	
39887	
148681	
20380	
48075	
152654	
82804	
65445	
86525	
86318	
171505	
61863	
132099	
158571	
171148	
150321	
36216	
86855	
79204	
47457	
186788	
17507	
119212	
109037	
117011	
184983	
44623	
22102	
37493	
40424	
123610	
94326	
70058	
139991	
64344	
69792	
100707	
46924	
14449	
119614	
13828	
26070	
157232	
19747	
3111	
21574	
41876	
90702	
93276	
150310	
150373	
84240	
115464	
162637	
179138	
66160	
164340	
136607	
153185	
46139	
55013	
189458	
91088	
65438	
176754	
23415	
12215	
171616	
17174	
34780	
86895	
167914	
29492	
114124	
6616	
183343	
10694	
86536	
178426	
153194	
73385	
141813	
30999	
186036	
175280	
7194	
12228	
35246	
86492	
190148	
174304	
83226	
163958	
164229	
156433	
90070	
132222	
67108	
31158	
141456	
149432	
44698	
27842	
95569	
15584	
37283	
87518	
139459	
118572	
97295	
11176	
169207	
45674	
164487	
143035	
70581	
138273	
12698	
143866	
98266	
45460	
17148	
76353	
188688	
97594	
78586	
11001	
146156	
119587	
150618	
123270	
6603	
168718	
29205	
127988	
161115	
115290	
69388	
48907	
18600	
86238	
192988	
177708	
142106	
69203	
132983	
142562	
11232	
68881	
12699	
39781	
171873	
35830	
12910	
106311	
64801	
77617	
121124	
288	
94467	
53389	
157942	
192482	
132969	
18029	
42283	
92508	
91212	
188381	
154762	
45115	
62232	
106517	
32468	
10145	
111769	
190393	
150740	
20499	
192617	
158215	
9294	
165268	
144379	
140153	
75454	
14134	
39827	
134498	
60000	
47378	
111338	
119639	
135760	
7590	
186714	
1028	
104662	
64650	
35013	
194054	
125462	
120848	
163146	
83819	
52417	
153479	
98972	
158076	
74901	
9852	
88441	
177660	
79342	
36314	
151367	
65277	
88440	
14027	
147636	
113557	
20128	
80202	
154018	
185898	
62317	
33936	
53812	
39381	
13938	
155020	
98679	
185708	
158337	
110859	
165934	
186231	
26524	
129689	
51502	
113683	
94826	
50691	
174048	
64896	
149329	
84910	
178674	
169373	
88863	
172191	
178358	
15096	
100308	
159162	
120852	
182775	
9020	
141027	
142527	
129332	
135307	
47431	
107077	
104985	
35917	
118282	
109297	
112697	
162795	
59006	
73920	
121937	
21445	
1405	
33243	
98112	
48561	
53101	
82477	
115431	
112435	
110692	
44418	
152770	
123745	
66799	
179316	
116433	
72398	
153792	
73392	
81442	
185105	
14141	
107163	
23298	
151217	
77462	
143383	
182604	
112142	
98188	
161995	
149579	
174530	
106617	
8565	
194092	
169656	
79417	
177471	
44703	
41953	
123486	
18084	
3960	
120218	
23635	
91305	
134046	
54054	
124416	
40254	
57324	
181864	
155756	
65775	
34862	
4619	
170856	
56653	
153301	
20987	
162293	
95173	
73631	
77085	
15553	
134626	
97579	
107452	
133148	
193291	
33300	
3931	
25203	
127607	
98925	
176452	
38690	
135947	
155494	
11196	
163780	
156053	
151569	
124977	
4636	
152337	
125776	
85967	
97374	
58459	
148882	
182633	
22374	
83039	
186157	
3258	
88492	
113423	
114253	
151815	
57483	
100448	
74346	
90282	
22622	
87933	
95690	
115408	
21539	
117464	
97583	
124083	
179342	
43622	
46105	
8856	
156238	
131737	
133590	
59518	
41721	
191892	
141593	
90090	
132305	
162714	
144779	
121497	
40173	
71471	
101554	
26960	
155329	
48830	
114099	
194771	
61068	
27528	
169129	
163492	
88476	
54756	
36548	
12965	
62551	
140394	
151022	
14212	
168930	
7140	
130220	
97796	
66398	
111355	
66881	
109437	
38701	
52988	
92870	
30654	
168491	
163674	
166736	
79713	
123230	
78823	
171716	
180495	
194444	
91686	
81526	
117575	
58795	
71446	
151276	
64049	
148984	
127450	
149836	
48183	
63036	
3735	
83747	
70781	
125826	
173153	
115008	
68376	
107544	
74366	
45945	
136402	
173851	
171469	
157718	
99175	
84470	
2517	
163696	
163447	
132795	
120235	
116382	
174124	
105584	
77686	
32383	
3882	
3641	
97608	
113549	
7062	
136736	
117709	
89671	
31669	
46781	
114665	
95149	
144107	
70739	
92997	
175820	
46931	
109614	
178274	
10270	
38370	
59645	
114119	
172320	
123696	
70479	
8699	
168910	
121437	
