815 717
77346	
154690	
142655	
191818	
135232	
60650	
193878	
100376	
40010	
152311	
83805	
140137	
15633	
83920	
51720	
162699	
173864	
162793	
193421	
197874	
176418	
34896	
171287	
39362	
96426	
126530	
89683	
136829	
55378	
76925	
7537	
123732	
83852	
176115	
73782	
163718	
168058	
88852	
188598	
101363	
14361	
127183	
37595	
50148	
141244	
26519	
126254	
19821	
112482	
38978	
79568	
54275	
118550	
189778	
108435	
80880	
110024	
139313	
193903	
199343	
10656	
18679	
87293	
149280	
93954	
165611	
22554	
153343	
195830	
137178	
13157	
6585	
80585	
58414	
72418	
103652	
136979	
85586	
113678	
31285	
69223	
53989	
33839	
57163	
175294	
107545	
80838	
3941	
16647	
187343	
160217	
192619	
166240	
91736	
110407	
76315	
17109	
46684	
125815	
105131	
23472	
41698	
153810	
171389	
45365	
85218	
38849	
22250	
195510	
182032	
170852	
67065	
192404	
37120	
85651	
107386	
140557	
59805	
122758	
111751	
2973	
184061	
78135	
135991	
192674	
191993	
141677	
147328	
189291	
47893	
197845	
192832	
99624	
34569	
195398	
181001	
20635	
187201	
79509	
163732	
15486	
133543	
20176	
146220	
88313	
111766	
10252	
230	
111117	
149792	
51796	
107653	
122947	
51642	
192995	
7370	
14682	
190741	
26931	
141726	
188639	
3441	
89106	
2928	
132288	
21223	
27462	
74063	
42301	
38527	
164746	
37737	
43492	
63686	
102098	
147155	
166165	
166599	
149675	
42576	
136887	
169507	
144229	
89859	
145327	
70994	
92836	
46190	
10702	
127727	
193437	
187440	
60311	
92784	
67086	
9950	
144839	
29800	
102480	
131190	
44845	
68668	
108204	
152326	
15275	
7607	
76208	
138834	
86094	
141677	
140233	
64473	
177623	
151859	
13296	
88359	
89700	
69945	
53848	
45592	
57582	
132167	
53294	
54163	
37559	
110537	
145279	
82337	
38119	
199625	
114190	
16323	
42408	
34526	
59940	
121050	
195851	
45564	
67305	
45107	
106474	
126837	
1823	
74146	
145672	
153673	
148852	
62909	
51515	
166298	
69348	
131823	
52920	
42769	
134829	
144205	
59785	
18345	
156940	
63097	
164923	
67770	
184616	
186666	
114470	
58507	
91157	
115417	
99032	
78554	
160045	
84556	
90326	
51544	
141259	
198021	
6367	
149796	
106337	
115080	
193950	
153203	
96984	
4892	
138101	
89725	
143504	
7894	
179565	
76233	
88373	
63906	
18918	
159422	
117216	
59391	
22728	
137021	
83211	
38711	
196573	
123629	
66029	
58421	
17532	
4941	
60510	
61648	
11358	
92127	
173498	
129467	
104490	
115255	
19905	
143639	
91032	
72920	
145142	
148303	
22926	
30936	
50328	
96406	
64366	
170284	
84394	
182627	
156735	
11363	
50508	
181595	
38665	
3081	
31365	
462	
56818	
103849	
156712	
191213	
85719	
2650	
113224	
89829	
67661	
107431	
13947	
134591	
8174	
90120	
84373	
63837	
71033	
51761	
105762	
6484	
53724	
169433	
45318	
163484	
9683	
85757	
195054	
84145	
31576	
53864	
147495	
76159	
74983	
26505	
15848	
183830	
163354	
198707	
92671	
115707	
22384	
129836	
155930	
152816	
170652	
24237	
111146	
61025	
54023	
78445	
48202	
164660	
185480	
130927	
97049	
57081	
187002	
134879	
47442	
186878	
166357	
145593	
180961	
12769	
168153	
111044	
88442	
167863	
14151	
161814	
97305	
2391	
144581	
89399	
29110	
25008	
35922	
85868	
30356	
106515	
134959	
73409	
95468	
41320	
154208	
173265	
151452	
141774	
101564	
50409	
54010	
123512	
105062	
158232	
132265	
46337	
150831	
34619	
47508	
161351	
170114	
181665	
98244	
148761	
68942	
77511	
180730	
112372	
9724	
95005	
177492	
115209	
11204	
60735	
94836	
178359	
47302	
34868	
106655	
66576	
51234	
183542	
5070	
82457	
27158	
126710	
190196	
156695	
180549	
16921	
123853	
86011	
198026	
110584	
43290	
90190	
46774	
87940	
23184	
71377	
186648	
12636	
41175	
109200	
92414	
177066	
95535	
42546	
138713	
45795	
84284	
41921	
88045	
31486	
188327	
189638	
44631	
86393	
115724	
46280	
112754	
14447	
61993	
45040	
177791	
7482	
100254	
106005	
3803	
24713	
90060	
54871	
93121	
62735	
44559	
49255	
102948	
102842	
176762	
57618	
10551	
117117	
151726	
178867	
192732	
78231	
80065	
179995	
88682	
45166	
190724	
7308	
78977	
46099	
118767	
144500	
98649	
197941	
50356	
166396	
86813	
86478	
8110	
186251	
105036	
75421	
132016	
116378	
164630	
151546	
62121	
10755	
84726	
12010	
83129	
161765	
48541	
22511	
136189	
21287	
191138	
79288	
96376	
184981	
119022	
33998	
193187	
49784	
114552	
112771	
156918	
61210	
78619	
169713	
16974	
192997	
20229	
111370	
110467	
131833	
178666	
12549	
54062	
93224	
83490	
176178	
75946	
166367	
123297	
198102	
144134	
193994	
135238	
6108	
1253	
69895	
141589	
13037	
81825	
124121	
134727	
23868	
173248	
81229	
114713	
55067	
193997	
53552	
197896	
129930	
101342	
56698	
175558	
62600	
38193	
248	
157126	
759	
41507	
81958	
150960	
116194	
67196	
150622	
58870	
156031	
43352	
64427	
50738	
6956	
152909	
28755	
147564	
117933	
34843	
55141	
177806	
55627	
111415	
64922	
123220	
40872	
92555	
121907	
134957	
2781	
7963	
60325	
65343	
7484	
147126	
153227	
170230	
146948	
35062	
90822	
133735	
122684	
161836	
42319	
119665	
105552	
125602	
37839	
6499	
26442	
46684	
157832	
86840	
3665	
121821	
108499	
141456	
60290	
163785	
25070	
157131	
160200	
107171	
14291	
113953	
196163	
79302	
19766	
54702	
58342	
186761	
99357	
67313	
2980	
41287	
29631	
57759	
158907	
102628	
71037	
194412	
130372	
30585	
73531	
103740	
132451	
107316	
181599	
27639	
178231	
175027	
4018	
149542	
14725	
151242	
83427	
29970	
87599	
195465	
17165	
112536	
132882	
15372	
121079	
26887	
64202	
78841	
96108	
99560	
82151	
195587	
170845	
146027	
150213	
105720	
57179	
94229	
88021	
173427	
199453	
175515	
179404	
176757	
29643	
66484	
179707	
14430	
20461	
37534	
87433	
108110	
34358	
167765	
74170	
187655	
66889	
129232	
158503	
142814	
114204	
22949	
138170	
6187	
170184	
24923	
187274	
66099	
23030	
23742	
156493	
63766	
75494	
48846	
196626	
153208	
33494	
128714	
25377	
157240	
100753	
38575	
115660	
161542	
10952	
165283	
79182	
54445	
76948	
182599	
59079	
19166	
143550	
106364	
35200	
177842	
26079	
50258	
60826	
25344	
19051	
58820	
92758	
182801	
129508	
10799	
158854	
162454	
183370	
95851	
40205	
162386	
27818	
143568	
142631	
36977	
77099	
36873	
34197	
190986	
15141	
108901	
147655	
86421	
91507	
14552	
162977	
60249	
51070	
74879	
31034	
143871	
49528	
181447	
185600	
42200	
8316	
93870	
133005	
71759	
129069	
66659	
29813	
61180	
126992	
177574	
51981	
32788	
77408	
17889	
52477	
68191	
56958	
117270	
18739	
67537	
64616	
34663	
2972	
174002	
19744	
44702	
129391	
113314	
149811	
157163	
155554	
70549	
190376	
112988	
119647	
85471	
41397	
125385	
123776	
189772	
16585	
150437	
19503	
182135	
74417	
91185	
101507	
107662	
181264	
141123	
183474	
7710	
151800	
102043	
172432	
67109	
65426	
763	
182129	
5953	
74690	
126053	
55898	
49987	
45386	
170954	
123092	
28578	
47877	
41181	
98271	
58950	
46866	
59454	
21217	
46481	
340	
169143	
76297	
142213	
33973	
182196	
161038	
72000	
57811	
124886	
100369	
98243	
49516	
137884	
26755	
148147	
134464	
139328	
135885	
141096	
114199	
171950	
107384	
167375	
68916	
28104	
186563	
21187	
88896	
103659	
110615	
172773	
184936	
33116	
104714	
145819	
72150	
156016	
179993	
68370	
123049	
189409	
59573	
21766	
26982	
48456	
124736	
80874	
123681	
117099	
185436	
173913	
192845	
60452	
189016	
153154	
68005	
66613	
142273	
43550	
39124	
66175	
108346	
90969	
103617	
49338	
167554	
12350	
58610	
173712	
188877	
166497	
114402	
65733	
76502	
181716	
19633	
145091	
67182	
34124	
6448	
187775	
88031	
25638	
101615	
125869	
176999	
147530	
122043	
4027	
125144	
62752	
145727	
115604	
76951	
112962	
94374	
40522	
44195	
170991	
137063	
149638	
111156	
115830	
120293	
193967	
50988	
111712	
188291	
100873	
20097	
31908	
71901	
1967	
127406	
45496	
121661	
166892	
175528	
178129	
135170	
101565	
143506	
109659	
117292	
95595	
71886	
116164	
28691	
117480	
53541	
123904	
32227	
27286	
26733	
92514	
189092	
54423	
34947	
13058	
15215	
33866	
152963	
106807	
98765	
175473	
50501	
80698	
129072	
157621	
69247	
2348	
28378	
6797	
149034	
109618	
88348	
159751	
67560	
142802	
101087	
59499	
55072	
26072	
122802	
81643	
97902	
97926	
23652	
87197	
130424	
163141	
36639	
171939	
122551	
161144	
168869	
123301	
71065	
138893	
88674	
124197	
108482	
156493	
99243	
173068	
149320	
45562	
162495	
30238	
137713	
117592	
122012	
124096	
101592	
128821	
8909	
110793	
192996	
35957	
90915	
103318	
8267	
23046	
10445	
142851	
140100	
55711	
55187	
27642	
74625	
127959	
184223	
131157	
54870	
90503	
84346	
185810	
28570	
191682	
193762	
11693	
108055	
11490	
42049	
158578	
175962	
107244	
132452	
66230	
25970	
35077	
158630	
182628	
98778	
47766	
115085	
130160	
73897	
157072	
184397	
40183	
177302	
31429	
132974	
64974	
147030	
118676	
50290	
120445	
154287	
123785	
154148	
162584	
110048	
150180	
28063	
61083	
19501	
50404	
96553	
145220	
75502	
143283	
13979	
39935	
170207	
166008	
66664	
41369	
59077	
105596	
134142	
160641	
87939	
110929	
36674	
129893	
132915	
107937	
23507	
159729	
5048	
63333	
109148	
38367	
3843	
2735	
73829	
153336	
185168	
192345	
38010	
29708	
17706	
136673	
138827	
166997	
133211	
193999	
37262	
77030	
54689	
42553	
184995	
174484	
17320	
15306	
116584	
87711	
35381	
109317	
37026	
173360	
96701	
147400	
156474	
72365	
30379	
182739	
83791	
179101	
103509	
64953	
63662	
16880	
53935	
9149	
136543	
81549	
139804	
191752	
41587	
47457	
90463	
180713	
115082	
135574	
173164	
191767	
179747	
156008	
38074	
8169	
129006	
104439	
9868	
114870	
94290	
131085	
163940	
32147	
29766	
87862	
61840	
94881	
16421	
88521	
139065	
159118	
177378	
12671	
88200	
137642	
78375	
27417	
165249	
151868	
22618	
31735	
90931	
193681	
150041	
178601	
23546	
127998	
183518	
178686	
1917	
29086	
34176	
5331	
136194	
21131	
19907	
139319	
4922	
144570	
58867	
32037	
64275	
167027	
161095	
87892	
140753	
84172	
117659	
171455	
119876	
48328	
84826	
17315	
62177	
1517	
141516	
32198	
101498	
108528	
84349	
68902	
174374	
35510	
17017	
96545	
88118	
39840	
19976	
27257	
37967	
4534	
18679	
172989	
30840	
6375	
50649	
185177	
110500	
95196	
37755	
144471	
20599	
82168	
46596	
174153	
69260	
149030	
3358	
87486	
58589	
144154	
36948	
143723	
53076	
96055	
20430	
45880	
168753	
116241	
129750	
177115	
138431	
3313	
81254	
94520	
73463	
32493	
156843	
181838	
9668	
183779	
8058	
81903	
108547	
21464	
50384	
131577	
145675	
154411	
133489	
150530	
127789	
21467	
34605	
174336	
49150	
125102	
94162	
74004	
24068	
107923	
147277	
52738	
63101	
39868	
7288	
184726	
2084	
122912	
162201	
97322	
66825	
60490	
90670	
183860	
155922	
138959	
147965	
31632	
158409	
187151	
120058	
128599	
125894	
60767	
18150	
19335	
166283	
153487	
107930	
169240	
166601	
11961	
22148	
4187	
68646	
108730	
48698	
107862	
68931	
147263	
70766	
184891	
72390	
177357	
128763	
60806	
163868	
42576	
154658	
177034	
93729	
167128	
127710	
172905	
188010	
109476	
88313	
122231	
54533	
151501	
17648	
115490	
143085	
55647	
102302	
150985	
83431	
81593	
97934	
126125	
194256	
113352	
48643	
173459	
174910	
7350	
147515	
7114	
82411	
83830	
7116	
22564	
153017	
54304	
89013	
40800	
46876	
193164	
85845	
24992	
133977	
190786	
61772	
141049	
141463	
53125	
93785	
22373	
58634	
156668	
129935	
178967	
135381	
43957	
151965	
122486	
128318	
29468	
122127	
167077	
37050	
96303	
31343	
7782	
49201	
143053	
125466	
138179	
53246	
73808	
3355	
156426	
178314	
179302	
40168	
7680	
86811	
94338	
80863	
83826	
3988	
86172	
52499	
172526	
176227	
164129	
22681	
38375	
47293	
67598	
78820	
39861	
165591	
68345	
45358	
76669	
112453	
73410	
29441	
