839 690
62100	
44532	
76957	
154163	
59629	
159950	
163776	
12835	
125672	
18546	
43622	
162183	
146689	
93469	
162968	
65741	
116491	
189435	
11543	
49772	
141829	
103332	
44186	
164885	
13532	
190469	
120132	
105014	
126356	
191889	
118265	
6992	
28477	
107375	
140383	
55504	
6646	
52621	
107343	
133956	
155520	
80297	
156023	
197686	
21619	
158537	
194423	
108126	
12206	
181222	
112496	
196456	
53231	
94157	
128470	
142675	
110504	
105557	
169114	
95094	
94214	
147012	
52679	
101314	
32656	
144793	
177572	
73614	
146609	
19600	
69555	
26901	
178038	
103676	
119179	
159667	
70267	
114258	
44733	
196572	
65918	
35041	
127458	
116713	
33689	
147068	
97603	
139929	
98123	
123679	
25467	
59573	
41715	
67304	
148469	
96282	
28381	
123331	
88446	
137585	
48923	
95383	
196585	
43203	
62484	
66094	
20029	
87723	
14527	
184361	
161562	
6530	
74078	
190609	
83743	
102560	
18133	
179713	
167010	
142305	
153034	
94423	
109392	
91248	
155561	
111336	
93240	
69354	
94792	
156059	
181135	
46119	
87136	
126653	
33011	
50731	
59024	
28198	
106580	
162107	
103964	
169531	
130756	
162486	
50043	
28372	
192342	
150806	
19284	
82492	
18420	
187435	
113260	
108682	
89366	
101588	
20334	
94978	
161309	
147941	
41624	
33619	
107306	
144210	
83257	
105755	
75620	
46410	
55564	
103001	
65199	
34628	
158338	
161987	
46753	
107352	
130290	
177944	
18120	
163090	
178351	
144738	
38790	
48875	
139264	
9295	
134237	
29815	
188176	
158013	
56752	
92844	
18082	
9552	
175818	
183684	
124391	
89607	
71871	
143533	
79723	
31927	
132512	
183542	
99962	
160916	
72879	
56203	
33616	
170718	
1737	
90770	
150720	
37277	
100354	
132888	
179354	
166294	
108301	
149688	
129737	
7237	
93217	
12702	
188205	
157750	
188835	
95900	
31848	
198953	
133871	
100193	
130326	
127448	
40482	
107414	
109133	
166626	
90692	
86500	
92412	
163452	
15150	
131532	
34445	
63199	
22931	
96867	
168291	
153413	
1810	
105679	
57565	
119936	
140807	
131134	
49261	
90687	
116250	
181467	
163096	
130589	
50796	
167988	
78743	
15137	
172827	
108385	
7982	
136680	
31495	
154852	
64604	
174948	
58795	
21822	
83735	
163065	
118580	
29179	
157548	
122667	
112757	
45963	
156629	
116947	
6640	
12639	
140011	
40661	
32884	
66539	
9593	
54717	
19977	
61223	
36543	
196515	
125242	
45976	
56124	
17869	
126074	
131415	
177853	
165503	
32971	
153798	
103036	
67029	
97442	
141113	
106705	
177674	
177330	
13977	
30136	
43181	
112828	
5807	
99253	
14755	
92169	
95430	
4139	
162803	
170983	
3412	
198369	
131384	
161864	
188628	
50179	
30221	
184235	
131355	
140566	
122423	
126190	
74476	
196225	
37830	
23046	
150823	
92342	
70691	
55289	
131646	
179341	
144296	
62392	
186650	
81700	
142873	
145369	
165671	
112603	
126467	
83294	
180475	
30954	
133694	
29730	
173741	
18970	
12378	
53857	
151827	
137934	
59123	
20770	
96782	
99719	
66728	
120799	
177777	
52714	
13729	
116012	
39101	
183532	
118786	
174856	
116815	
195578	
47736	
76776	
183958	
81261	
77987	
168152	
158016	
61727	
33715	
158716	
77884	
49970	
115296	
119307	
53699	
54275	
84762	
196093	
181988	
10979	
32274	
88976	
187889	
177717	
49595	
4250	
153665	
195621	
31825	
99471	
67045	
74404	
51331	
52150	
100710	
100842	
27199	
14342	
53457	
67109	
152876	
14523	
36536	
139951	
126964	
101254	
173444	
101134	
24634	
153262	
59222	
64479	
120919	
39387	
50849	
195913	
44640	
188307	
161383	
33657	
83107	
135639	
100854	
174215	
159977	
45844	
148443	
116172	
68437	
17119	
37593	
30101	
34732	
35278	
9770	
68659	
60110	
45470	
172534	
102612	
172322	
24772	
98517	
161882	
111139	
65646	
116025	
66318	
146318	
168197	
65770	
34249	
25898	
168980	
167873	
18194	
169325	
38259	
24004	
131933	
195508	
100004	
33285	
110958	
99343	
50820	
189657	
191476	
54903	
38910	
102258	
173527	
196955	
94003	
37028	
38519	
100643	
143546	
152993	
16495	
131396	
166036	
74800	
135493	
163210	
38763	
72311	
120042	
150958	
46392	
63402	
61537	
108210	
159525	
102767	
67252	
128474	
64636	
71734	
74659	
133477	
50538	
162010	
43622	
64092	
141052	
198060	
42675	
156765	
138099	
19841	
134191	
128884	
106518	
38296	
199794	
186022	
141602	
192018	
108709	
122651	
131221	
173194	
194998	
164990	
121815	
19911	
194759	
65294	
187920	
94848	
131843	
175531	
95528	
62406	
19009	
66327	
194133	
70099	
129545	
142747	
79065	
107005	
2463	
89497	
122448	
154778	
155237	
76697	
168811	
121706	
85006	
10039	
30709	
119516	
21427	
180310	
178147	
127933	
152350	
103250	
133378	
85491	
28119	
45803	
136089	
142321	
45564	
92707	
160770	
142810	
124500	
39289	
194715	
52208	
169797	
3000	
69039	
160462	
169061	
77878	
190458	
135503	
29941	
24272	
103681	
120104	
112170	
96796	
45770	
46050	
160267	
155963	
139966	
56863	
156244	
129886	
69325	
193973	
126766	
46662	
138466	
26552	
130713	
139194	
69227	
168547	
108364	
10823	
149094	
117880	
195522	
51867	
165857	
153232	
49009	
183783	
113867	
70891	
25198	
107741	
104916	
100256	
142764	
38681	
10912	
107186	
130704	
168639	
120131	
192424	
34294	
688	
40609	
33283	
150611	
41314	
83897	
4000	
142036	
31090	
2174	
12460	
103561	
169509	
79405	
21441	
29088	
13828	
112408	
19814	
76329	
65396	
173213	
64071	
152485	
50530	
79038	
16806	
115936	
40922	
123562	
7431	
151333	
64034	
23470	
91444	
51763	
60557	
196643	
165550	
165761	
32469	
63662	
3633	
135064	
139270	
49883	
125670	
48090	
180412	
184121	
81853	
169273	
472	
61872	
168911	
82591	
156541	
47809	
99274	
180835	
6353	
67338	
186086	
119085	
166137	
62413	
66289	
150540	
157782	
21158	
61508	
36733	
189329	
76411	
83329	
54474	
115725	
149760	
34498	
195998	
107886	
177849	
131037	
159453	
8206	
182424	
14537	
140373	
174373	
134478	
195243	
113976	
34195	
55454	
114456	
80072	
79537	
10210	
65978	
128219	
89860	
157285	
8010	
40711	
153013	
98111	
39873	
75594	
135811	
65960	
6915	
188128	
70657	
174429	
80497	
156612	
131395	
4515	
129986	
107306	
17325	
86102	
138647	
59554	
142084	
37751	
74521	
148333	
49709	
149163	
141391	
183517	
89945	
39695	
13358	
117348	
75297	
85532	
33259	
76214	
140965	
17172	
114848	
165978	
157408	
97632	
49892	
40185	
99954	
170210	
108384	
153913	
177026	
162459	
32665	
71704	
61314	
91750	
36802	
191829	
5381	
183472	
26333	
182332	
184943	
59992	
76123	
99087	
193175	
149796	
33105	
93203	
198856	
144654	
76196	
572	
79502	
129067	
173592	
119139	
56823	
177818	
194623	
86441	
147013	
55463	
54317	
60138	
167605	
67650	
74874	
166879	
139426	
98464	
185696	
168264	
190420	
128777	
129685	
76824	
109116	
186095	
42651	
166848	
71719	
5149	
171105	
68153	
114626	
55492	
111244	
11216	
65881	
78028	
32146	
37564	
114787	
22861	
122283	
19587	
36050	
50590	
114343	
57055	
180059	
129080	
117127	
42722	
32899	
146743	
78953	
84483	
94481	
11856	
188809	
64011	
15131	
34493	
132218	
112589	
136213	
186595	
33913	
189583	
149662	
98004	
141185	
17097	
171929	
183000	
85404	
59400	
7762	
135363	
33776	
129181	
109431	
4588	
100786	
127632	
63335	
93899	
61382	
44520	
83610	
63286	
132878	
431	
140251	
122074	
75673	
64441	
134718	
38309	
146666	
132494	
3133	
109880	
170401	
176874	
8554	
45257	
146630	
33443	
30574	
153108	
35291	
92433	
189237	
46291	
150604	
113370	
14253	
101584	
52173	
93346	
103603	
108035	
32928	
173623	
166638	
115680	
12796	
168852	
147716	
87104	
102592	
115528	
155636	
38879	
72831	
58022	
59562	
153630	
147886	
170610	
105899	
113220	
84190	
133877	
20921	
90821	
53490	
186051	
57071	
80237	
82738	
45525	
155935	
155668	
48477	
92430	
120272	
192629	
175591	
64834	
128983	
161894	
6064	
60655	
173087	
8664	
135935	
77887	
124209	
159882	
35079	
43622	
129793	
91679	
21084	
142943	
529	
15275	
51908	
122922	
87166	
33126	
141504	
165688	
88577	
94716	
34155	
55158	
39929	
154420	
122872	
74044	
39280	
491	
49854	
74001	
59234	
83532	
20944	
138167	
135158	
118757	
32911	
170044	
71458	
16779	
68601	
71446	
127599	
101161	
162379	
192183	
191338	
14056	
150407	
190361	
158156	
156097	
25172	
48592	
119371	
151848	
156626	
191939	
57806	
153018	
5181	
71366	
11167	
189932	
2958	
110711	
95551	
119156	
120115	
152062	
55459	
130445	
127646	
24610	
182940	
60805	
156796	
89417	
92549	
5584	
184333	
135097	
49009	
115943	
144009	
143329	
182175	
109859	
95063	
150929	
10909	
23753	
154030	
154225	
189339	
11873	
98452	
153543	
60878	
47307	
166335	
145456	
101743	
72764	
161557	
25599	
192588	
179378	
49151	
60262	
187764	
63891	
168527	
145311	
194407	
99555	
31871	
38261	
38616	
91061	
94574	
124590	
164850	
83132	
27823	
80895	
170847	
79832	
179576	
121927	
115608	
136568	
56146	
65939	
163896	
30790	
9504	
175245	
32771	
80935	
56282	
98733	
171275	
167276	
89471	
178511	
76971	
172460	
93529	
27984	
28755	
93490	
138300	
126912	
170907	
113208	
2679	
63275	
12269	
22639	
160032	
160659	
192797	
191452	
49260	
73114	
169929	
179768	
167596	
98600	
61869	
190436	
156587	
17411	
82968	
31857	
42269	
93590	
18056	
27489	
26628	
70845	
177462	
80567	
15793	
145427	
85659	
150774	
11044	
56418	
130287	
162873	
35076	
128027	
150172	
166256	
178067	
71370	
160720	
90793	
184811	
92130	
173328	
128203	
36067	
119068	
188164	
136959	
193565	
63871	
59798	
82916	
153125	
162934	
94676	
166229	
7365	
1548	
90367	
184940	
59845	
162740	
125042	
19088	
159320	
131079	
37047	
96894	
8024	
160813	
83804	
60676	
121117	
28406	
23325	
183990	
55375	
138593	
45547	
37780	
14821	
46728	
25027	
150812	
185019	
194388	
97431	
123445	
2225	
137746	
64240	
185635	
89334	
23133	
14910	
59673	
177389	
174798	
188935	
134162	
70342	
141791	
18040	
106823	
41121	
65345	
134830	
106045	
105355	
171721	
167101	
148004	
53461	
172149	
10657	
71261	
102254	
115263	
98761	
64198	
112496	
85861	
145834	
94543	
145389	
47374	
26673	
124604	
60829	
38106	
152478	
151703	
190361	
175911	
94723	
190433	
111511	
153277	
112965	
117740	
157242	
120183	
120331	
67979	
123794	
76937	
22548	
148549	
5165	
156600	
13748	
77234	
92407	
163386	
124841	
52733	
165500	
140895	
131336	
57479	
188261	
55875	
49694	
16641	
50231	
183165	
191615	
99066	
121604	
85508	
108243	
133695	
29554	
1262	
70501	
49222	
4396	
81919	
26979	
42680	
115585	
154294	
79183	
32106	
7919	
76777	
15640	
134251	
182851	
139688	
175470	
55857	
117468	
162808	
154241	
169713	
138523	
18298	
129802	
178019	
181240	
188742	
33372	
166024	
107600	
151059	
163540	
131707	
36167	
88804	
120549	
109864	
50202	
76013	
141482	
67486	
134997	
55350	
68886	
4546	
79767	
8729	
165796	
139917	
78243	
48850	
67656	
19473	
7585	
19069	
26742	
2881	
84417	
131828	
20410	
146227	
69024	
9030	
32731	
41071	
149571	
98620	
180963	
32450	
8357	
120508	
113748	
152420	
67920	
175571	
160188	
105900	
90944	
33460	
103333	
154422	
58792	
165533	
28633	
138335	
38799	
92402	
189174	
84418	
129280	
131949	
151702	
128869	
141204	
45985	
140187	
17194	
31217	
15122	
40184	
129583	
40748	
161997	
37954	
63854	
109068	
37331	
116871	
155780	
70369	
25123	
117666	
187161	
185533	
65135	
155915	
105481	
168900	
100939	
129475	
194698	
140280	
165790	
134015	
189910	
7943	
170441	
66101	
147998	
35547	
150924	
21804	
64479	
2837	
136025	
64982	
142960	
12058	
140082	
115970	
170981	
14910	
110401	
182444	
84393	
119547	
125939	
43002	
35408	
50883	
74939	
180111	
51343	
162697	
185146	
40453	
54863	
53965	
78130	
65911	
89699	
118611	
188556	
145376	
173401	
138823	
188492	
106806	
18915	
176674	
46763	
193735	
7094	
19153	
76345	
60888	
2371	
153463	
183113	
184088	
59160	
171872	
6570	
113382	
40326	
139289	
104813	
139374	
188278	
146361	
23698	
183079	
163608	
156037	
174766	
