81334
53332
-37244
-19426
45541
67838
48905
-72394
-49983
74279
-12158
99160
35114
83855
25771
-49062
67435
47695
-73535
73682
-81975
99587
-93972
50166
44405
-75226
77163
-82171
-54554
92448
-94009
-95339
6109
-7300
-91329
-45150
88727
62634
-39255
69137
-57775
81304
29151
3023
57102
909
78703
-97643
-23859
92623
-39130
35467
6542
557
-3064
32631
58715
-13988
2310
123
-543
47675
60813
-87665
-775
11207
28815
41835
-62618
32311
-80815
-83038
60652
-35824
19115
50354
95021
-27444
81816
88165
-70284
71174
56588
69667
-26627
-54592
-38148
61201
-98870
-53260
-87367
-73777
43257
4326
38202
42848
-1866
-96058
19329
-28631
53815
-22439
94653
-29347
22932
-65596
60250
65321
-7102
-25340
-53532
-76831
-91534
-48430
20935
-94275
34463
22759
-42883
46123
17768
25777
42226
44748
10382
-11514
-66498
14173
-23768
27877
-29157
-69183
-96988
-21115
-89786
-34436
-25840
123
456
-778
100
23667
58611
-38803
-53926
-82289
91733
35456
-43597
48009
8378
60769
-26530
-23749
67345
7174
-6606
22819
30813
-28399
42496
76649
-99869
-64057
-4102
98572
-38162
5060
12040
-64230
-50541
25125
-34163
5390
40339
-25063
57777
8060
55732
-15717
22628
-39679
-53664
5424
-89134
-77444
-48041
32367
-67001
82652
66482
85876
74377
32856
-99481
-34690
-45001
-25099
25796
49583
25828
-76461
-23228
-26388
-20554
777
890
10006
554
-72976
-44248
-72653
28599
86006
-93766
-19378
12203
61415
-94605
51588
38286
-50504
-97082
4345
-18275
9413
42145
-62898
87714
69183
25616
7112
-24741
94847
-55688
-84246
13871
55346
6462
-96000
-42745
16451
-66044
-98216
82120
-41314
-90352
-120
-400
-78369
87807
-75294
-17345
67475
87971
23246
49908
-35936
-27661
-87678
24427
-93630
47013
-41533
-51687
-5167
61101
17496
76676
21416
44400
-39210
-39538
65255
-99655
53369
-18102
98950
34733
-96189
-80428
-3524
19476
-654
987
333
58132
67436
54273
-8970
27898
31739
-62898
-75821
-76084
16449
7313
-18598
-38438
-51887
-34806
-41629
25909
37925
-60628
84960
94486
-33687
90824
-34475
-8601
51698
94597
85820
76712
70708
25012
-20846
90908
-56256
56681
-55489
32942
83125
78035
-716
-94211
31469
25897
-64203
-21668
25951
-52798
78787
-67952
75543
64213
76243
-85514
87053
55387
-54337
-30115
20433
-56796
-11280
35571
58071
81018
-76490
-86245
35170
-39038
35930
-54940
-51652
73859
-98649
9276
-12789
24305
30204
-59686
15373
-24147
-51100
96271
-60676
23014
32272
-62409
30017
73030
-50283
-57453
-32419
-207
-91991
-86697
43905
-7853
-16809
16687
-93644
71028
11548
-34738
23848
35047
47701
-57185
-42993
-26198
35465
42122
17359
88033
-17556
2957
-15022
-80150
40108
-19193
50456
79271
76846
-85386
85557
-65840
86345
28925
-15339
-55346
-20494
-29773
22305
-84602
-64451
-57903
-32315
-25949
79917
3653
65192
-57953
75026
-70185
75220
-19340
-36651
53723
60225
82342
-91350
-75321
40581
30281
99099
-71273
-69276
88253
33444
-92736
78192
-56491
-92142
-10962
-68674
44279
99997
2721
78645
25278
-23520
82352
82991
-74618
79030
74741
-83252
-77454
-31044
25950
-78537
87105
36365
87010
-58705
-50821
-9498
78456
52066
-61549
16684
37059
-10168
-87006
51673
73730
18095
37797
-30935
69759
-80201
86278
-4284
-76545
-31115
-656
6572
-99918
86896
27475
-16907
-91673
-69350
-51828
-91803
32922
26711
-82754
52419
32805
-9853
-88253
-26327
84067
14877
-92530
94006
-59321
-96804
98863
-38727
15015
38953
-52650
-32468
-9825
7288
-22190
-87908
-29789
66671
45169
-51555
49696
-89835
-28361
36948
-26275
-46991
-94726
75062
-53715
75258
-22401
-80902
-75254
85903
82705
61769
33
-37
-45
-29151
70506
-17858
46864
94018
-55644
18270
7503
1742
97329
-67057
-52503
17151
87545
70120
-14097
98231
23846
-12463
38091
-24544
-28415
-55868
-42022
-44158
-35595
4292
-97005
-49172
81754
-8
-55740
92085
79221
-72415
5419
20144
-93216
37572
-84183
36942
75177
51962
31465
-77579
-66271
92869
-14617
79226
-15215
3831
-77351
-10100
-18121
-80340
-95167
-66083
72240
-67849
-93788
-18471
-80288
-32958
-57764
-8826
-20404
-2957
-46554
13930
9508
-72783
-33030
2328
16869
39316
44273
-1299
39050
71959
24683
72581
-84669
47940
30657
-72820
-47534
68056
63669
34952
5666
-79401
57321
87023
62479
-12090
-39448
63456
-846
-55641
13282
-30793
17109
-1491
-37268
-55359
-91304
69562
29539
19431
-20413
54939
-77717
-68019
10795
-3226
-15114
90698
62695
-24183
44115
11430
-52332
-39156
53364
21877
48611
-10367
-28685
6580
75011
-39778
16501
67478
-58626
-33780
-9064
13311
86397
22985
58387
-10335
-3162
-99763
92238
-80952
-46747
-36499
43219
84813
-57102
-33762
-99673
44192
64969
-89733
-78803
28048
-79617
-49394
52276
26315
-46625
-50250
63463
89483
-23552
55487
8276
-66648
68002
-69722
46470
20646
49267
-43631
-99268
-26497
92246
77531
15604
13096
75960
63525
-95486
-6371
78635
-19375
-27890
-26641
-34385
-61735
45222
25365
-12381
63767
-12187
78928
-28562
-31546
-45174
31373
-91447
59817
85510
-73659
76926
-78903
82133
45559
58476
16039
-93111
-47223
-48610
-66281
-16970
-86435
59801
-58231
-90281
13884
-91889
-96272
-22740
16390
71786
-97784
82046
55975
69290
56296
42119
86258
81291
-33063
71359
-91277
-85693
53650
14149
-28786
26428
31898
-25155
-88223
28151
-80423
-47228
-14148
-68227
-27321
-54429
85727
-72005
51526
49494
64521
-19414
7957
-36560
-58630
46653
57016
50253
-38954
-27684
-51863
-70387
30373
91089
27911
-6772
-24483
-92246
-58602
-7128
-37181
-85219
-23220
41027
-45360
-31678
-15345
-76406
9119
-62651
-32802
91664
-24947
62415
99283
-48302
44433
-81191
-2193
-92617
-9574
-42568
-8984
-39984
-59559
55114
44275
-67700
-95295
15862
-55862
645
93070
21175
-19373
82043
-39586
-90410
-24032
-52122
-99620
42598
-64089
14781
99296
-39668
-79813
48880
-21348
-11687
-9006
78558
151
38070
35737
-68756
-67045
-26740
88
17017
33
-96287
-12977
-95755
24579
-69752
96263
-15293
97702
-45812
-98040
-16208
76779
-94501
-87432
-8033
53295
-29921
62096
-53604
4182
58769
-30301
34437
23129
28795
-20169
-26168
98047
-20771
-71912
69761
40131
9111
60232
64335
-17247
48465
1758
34486
-98377
-39444
-97763
13015
42149
-73753
-23110
34515
-36213
56520
70591
-14221
-54541
86927
-77172
58589
85491
-34076
-62287
48062
-19596
66190
-15615
-38234
88569
-2306
-32290
-59681
97469
72858
15019
-50364
-96866
10323
-85028
86138
-28409
-99490
-8142
-44847
25515
-27321
-26287
85655
-89771
74600
85909
63773
-66230
-54163
-23516
-96381
-3289
48361
86955
37111
-53282
-82297
-22400
-12794
-39443
89139
-33795
92982
-48945
-41092
-48355
18385
-99204
-78463
-12158
-29928
89174
1146
-1226
79422
49791
3572
-58794
64115
-65050
-1292
-37385
72413
-51939
-78598
8676
32433
-98275
64346
77520
-98886
25409
-19233
26662
-76596
23883
-51762
-83838
-87598
44391
-85375
-7338
52443
54797
-89268
20230
-92868
674
55594
48972
33766
-8722
-78306
58372
60898
-62512
-12813
22616
64763
3751
-4309
5913
82850
-79776
-88410
41705
-5744
4903
7834
-58790
65594
98368
47090
-56243
50804
27418
-4791
71869
-92420
-68866
-45524
-86912
39284
14381
86575
93301
-95267
-78075
79934
-5214
56293
30646
75151
-10308
52048
-99194
-6839
-74824
34288
13646
-57210
72298
-87325
56272
-1677
-34637
84967
31987
94373
-48908
61340
-8086
17780
30469
-43111
-94080
99189
-28864
-34154
-27246
77636
55029
16092
73580
93020
-35398
-28510
-4496
-68192
72732
-67350
-38645
34568
94002
58458
-71759
-27677
-66370
-62026
94479
-76003
95168
74286
93527
-89874
-33257
51331
28115
32616
37038
-77202
-88301
-17222
67184
92914
-38134
94601
-79897
53995
14453
-22283
-3311
-21932
-51152
-19789
-10267
37682
-62395
54157
86458
-64943
-24591
-35808
2545
24545
49732
18216
23388
32921
-72410
35779
58581
-34170
37780
74314
-5131
32699
-7543
-59886
-3547
72089
1851
-2093
48314
5459
74388
28992
14478
6627
54089
98818
-91216
1049
39666
-26510
-97511
-22820
-7892
58617
-16219
-20524
-10113
96309
-60573
-50123
-12213
14043
9817
42688
60119
11331
26051
53795
5629
84624
96918
-86631
-94758
38339
13562
17022
63047
-28955
-61735
73070
10
12
44
-29054
-22734
-11791
-49000
13171
65805
-58003
60460
-46337
19606
-947
17641
-92267
24331
53383
47089
-58199
-1726
67286
-25113
-15073
-4358
-84550
-14262
47889
-23767
3407
66008
-430
-64279
-74276
40030
-960
33641
73947
15855
-52855
63486
-38248
74069
46512
10199
-7437
46368
-68890
-45440
-36506
-53919
32809
-52739
74342
69338
-31487
-24108
7478
-30299
-5084
13562
-19778
-67131
76678
-90326
52751
64909
46533
-57760
-69708
-83501
54277
44220
89871
53856
64404
-25751
16679
80840
-83362
-95294
87718
-19895
87946
6604
56308
60066
-23291
-14616
-45176
75741
4663
-71318
-79345
-82213
62802
74649
-2829
-22819
-6875
-85368
31978
-41403
90112
-97945
46130
-72989
28590
88383
-21948
-19871
-63563
-8295
-75183
95006
82528
17982
67763
5778
-17778
87047
-51377
50096
-77719
9761
-29481
3516
47830
-97858
21876
26868
94495
-68206
-95936
-78914
-612
-72579
-64440
86297
-57712
43581
-10675
45817
-86025
80512
209
54162
-55904
-13694
56692
94757
-82457
38685
38594
-5993
68195
85770
24992
69267
-71734
80293
-1708
80308
-87089
-88607
-82478
-76509
-23086
25714
-39283
8557
31477
-56084
-72912
-86109
-4148
65225
25673
47452
7657
-19528
-34398
1770
-40783
-99125
96660
90923
-5441
99700
1389
-57346
-96945
47911
-13223
40238
54380
-29694
50868
-82179
2945
56555
-84356
98858
25129
-30960
39307
32976
48410
-82664
-16026
-30830
-69754
-59244
67286
-84249
-68148
84799
13384
54329
65194
78503
-29986
67323
-31345
-79709
-62816
-18950
34069
-22021
-36522
-73181
17954
72269
-82938
-32341
-86975
-84788
16235
99275
-42135
-65990
-90119
72017
-48972
-98763
56416
15214
37135
-2030
35420
-49016
1752
61226
3174
96997
88772
-93574
35857
71804
-61707
-41833
-791
-70110
-23623
-1292
89971
-75998
-60433
3609
79214
-87377
53358
-55615
719
-17622
-95095
-13820
-71169
24727
7190
51814
13156
2581
-23122
-1230
-96794
4020
-91846
81957
-15281
45582
88531
37632
53321
86234
45878
-86091
22348
-21277
78279
-73297
-14636
81353
67540
18391
-70596
-51439
28371
80325
27967
24254
54741
-7849
-95705
-73139
2273
78339
5779
74745
82351
-21263
43538
29811
-78308
-78657
33798
-51029
41275
-79316
82063
-87141
-65725
-96563
-39782
88057
73003
67706
-93053
88162
72086
67365
-91479
92430
63766
93977
-18020
-60937
30139
49481
22034
-14613
43560
-17863
36316
70780
-74943
68286
-43300
49
-81646
-82099
-25291
-86425
80208
11781
-96311
-58379
-59464
87409
-39380
51629
55357
-99157
-95694
-95868
5200
87308
50905
51789
-62820
-68161
-23379
34678
90266
16642
-64503
95816
-5176
-67458
71410
-65764
-16761
-49019
-60910
-27888
-27976
82279
65126
-56576
26581
-65299
-91808
-46018
77084
-97405
87971
94794
75646
-49747
-99439
-38833
21883
-97652
68272
31154
-98383
-39522
-24034
-47563
80940
-56437
-57308
-33615
77840
99216
2781
83326
-30038
-88995
-90347
85805
-59663
-72337
-21018
58560
96983
97245
5663
99181
-34526
-53679
-23223
72033
-85444
-70748
-67850
59525
54681
-78278
-58368
-50851
2418
99181
-39966
-89159
-93540
52034
-30550
46748
-67333
15195
91173
-15314
-17588
-52705
32744
73523
9531
-44142
-19364
31498
4385
36913
87753
56503
53498
45532
-78391
84300
-72027
68763
-46584
-10877
-31871
50424
-91441
-4662
-92587
-82130
-42684
823
-63635
-79986
98194
34178
57789
-53199
-20628
54206
6131
-61618
-25310
-32400
77929
78212
-48580
62715
-95363
24418
-1147
-20800
48683
-62312
70017
76298
-61643
-69340
-57679
-23170
2750
71950
71900
42776
7209
30346
64324
-13574
44350
49455
-18863
-25576
-75491
6792
-96479
-56724
72601
-61087
37077
51819
-68894
78915
-82373
-5277
94131
45799
85139
-57861
45539
80397
46073
-69207
27110
79846
-66415
43172
-6888
-92749
61774
72569
-93115
41011
-86131
30362
-11885
-47669
-57710
57283
-10096
5287
-88314
49512
72994
-62204
-34352
68953
-48590
8141
-19045
1523
-7899
-75608
18730
58027
-65987
-72366
63089
90119
61775
66706
50220
23567
-7925
-79330
70050
-16154
-6150
96332
-42184
20074
-10752
55317
20318
23597
5203
-51365
87977
-72522
-75313
96562
99021
-60528
63607
-74923
-58642
-29605
61668
26445
55342
36013
-73398
-52363
-30350
61737
34573
9855
44536
91344
-7688
-32237
-11255
-26565
76305
39621
-89078
-46653
-30287
89518
30856
-64238
81075
16061
-80492
6607
71188
50010
77438
-64471
-25990
23878
52755
-15767
-84253
-30114
-55395
64559
-39053
55594
-14768
86087
55172
39840
-64045
-717
-47131
71089
57103
22371
-71624
83322
-17726
16714
71553
92543
43149
97425
-13313
-30917
-54006
48579
42916
-98843
-79107
-30159
80206
55192
92040
97704
58382
43095
-47431
-89808
54734
-93945
66079
-18773
63320
-83922
47321
-52085
41254
78463
-95062
-13180
2594
-33624
66931
-87873
61914
47798
-75030
-24960
17354
73178
-22669
-63280
40767
11908
28376
18396
26266
88
-10338
86423
38022
-74773
59953
40405
58161
68970
-67299
-91361
-48103
333
544
96711
-80956
-63665
-1143
65511
-45910
20171
66326
27043
-40978
92578
-98938
-59558
45816
67918
31743
52997
40226
61982
-61161
-40717
-4927
-13577
6956
-82852
94326
69364
98924
-84622
25696
25370
-18760
55430
53774
93656
14875
46693
-77874
35101
-82773
87422
-23401
-54292
-50304
93648
27916
-12145
84274
-1120
38632
2194
40454
-52180
47864
-952
-17804
98903
94019
23340
-93954
81574
-80411
-74316
10963
84634
88545
-52978
47369
3764
47609
14463
85880
-63495
90174
6732
-63716
86567
-98276
-36843
-62120
5077
-77426
44824
-36091
-28674
4051
-93915
555
444
-83069
-17878
-86076
-33495
-41712
-63535
-82334
-29370
-59325
-14471
-83263
4515
-48484
-53507
-11814
-13154
96826
-74795
66704
93374
-64189
61026
-59579
-13898
59525
-61997
-77893
95744
-6252
-6396
-83679
56242
-21452
5102
-18098
70963
-51464
17876
65375
-73119
-30397
13014
78789
33619
-49705
9159
94327
-94433
62005
-57833
36858
-81126
37849
-30804
-32321
-56493
63333
-32640
3186
-96
-40956
22491
-94938
-33484
-72001
-39233
3781
-18168
91124
-77348
-58485
88000
49154
-6305
3527
50142
-59575
-42289
4882
-37349
98943
43457
72977
19677
97138
-9472
-96205
-7991
-98886
-77039
38260
-29376
64233
-83488
40765
81095
63518
45435
-78279
78567
22140
-83733
91966
-50086
-13454
81981
-87637
56072
-98070
82874
-91764
-49796
-90013
-89001
69816
-76814
33306
46295
-391
-42645
51658
35240
86459
49297
-10559
46394
-96670
70849
-65214
-23049
98116
-42345
-97404
37769
-19478
77692
21471
-52236
-95054
-30077
-14694
-64279
-21461
-65274
30775
-36565
44892
14876
94815
-11540
-25513
-57914
-59634
-44588
-50346
8644
22545
-33830
-86620
18195
-5272
-79430
-6832
90941
58744
-51941
-43251
-9763
69078
78469
-71875
21889
32989
60733
56049
-35843
-9765
-575
61065
-51263
33559
-74569
-13903
-3367
-32659
-64164
-81674
16687
14914
-90071
4277
71232
12098
59003
-61036
5178
2214
-24169
-72327
-43476
15342
24345
20987
-56250
-50417
-19815
-75255
98522
-13071
-96978
9140
-80047
-56790
39800
84733
39570
-41959
79759
-94986
42534
24622
16593
-2388
-57883
8210
-86718
-84653
10967
-6325
34813
49115
68561
28581
9470
-21519
34707
6891
-82762
-69708
92832
-32337
-29683
56218
7618
-65926
-43919
73972
16472
58019
19621
-79441
13106
22310
-89811
-32950
18928
-728
4285
-76293
1826
76610
-35193
-10389
-2836
4789
69586
56517
-38584
-83621
1010
38786
-8459
-81372
44388
54912
-572
16944
19205
71355
69420
-88644
38554
-12162
64995
-25901
-85847
-27148
-46766
53393
61505
83991
-52900
6933
-49818
19371
79408
-90295
59652
75378
32667
-55064
-47609
-68928
58666
-53904
63575
71033
43117
-71362
67993
20696
-72003
-93807
33264
-33277
32819
16529
80393
2743
64189
25174
39442
86817
17285
6123
18567
-61504
10374
83541
26561
-13955
-55390
-33
-67
-99
31430
63974
75155
83235
-71062
-60844
-75828
48602
-5223
-44366
35509
-28743
80736
3061
-64278
-43958
18555
30977
-95198
-81660
-47857
-68885
-96467
-86831
-27349
49273
62079
-58674
-8106
-32853
-84734
-27939
-94574
56765
88134
40423
32198
70660
26902
7311
46754
92398
-27184
67970
-82580
-28781
41508
88601
6495
35953
8416
-76030
-29902
94237
-36182
-51637
21349
-52715
38774
75507
65049
27337
8106
-63219
-92131
21286
19227
-93156
-64591
-65182
-77176
-42734
92867
4276
-85754
-48548
-85630
25721
-41680
49034
85501
73971
31997
62407
-24276
-91831
34354
-48080
-12022
-27006
86614
85811
-76099
-98464
60473
-42923
-29804
-97243
79147
-97849
-97812
-78444
-34587
47402
-43856
3674
52558
14849
65664
97866
7273
-98467
-53957
56893
15050
-55006
20930
-35760
81773
-79216
7110
24169
-44691
45754
20123
-64773
-6000
-36742
94264
-97089
-96074
64151
-31063
-70420
-88268
-66735
76562
51500
-23535
-47883
77231
41171
82292
-35016
29770
15953
-67295
52595
-87738
64606
95853
-64708
-5320
-28236
49785
-77992
-59514
-38942
55736
88066
66387
30002
-36112
29089
44553
-71100
42260
-21679
23076
-39419
-25176
-24357
-94077
-25463
35190
-59030
86164
62655
-5790
42661
68068
22229
-18056
-51242
-29244
43976
-95929
92250
27038
60626
-59098
-8415
63016
19406
48439
72546
68393
95044
69033
-3448
-26027
-51059
-58167
-86383
-90570
-40775
94674
-17917
-37093
4968
84907
-71056
-30898
43827
-83034
41919
29026
55033
-13231
81719
-84176
84319
69805
-33761
-21351
1224
34960
-23208
47181
-5073
-61595
-93455
79562
88860
-99030
-48625
-20942
-48582
5760
-56143
-41017
-51684
95622
92473
68044
-74595
42296
-97639
-25761
-41775
50163
20547
97630
58637
94541
-52411
55519
-12137
-46524
70801
-45940
23220
-69390
-69369
-30081
-20497
93689
30486
-8189
-54818
-93713
-95623
39170
-98341
-92505
-20567
80544
-16149
-31050
-4582
-24539
-42053
60434
79355
-50432
86936
-67991
26294
-14198
-45972
25914
3960
8464
-65615
40323
-83297
-48796
3491
76854
-70611
-9490
72443
-39022
56406
-69263
-8395
-87807
47468
25741
-64099
66321
50848
18704
-98826
-86413
-93648
4855
-30464
-44243
38454
-83198
-15415
20207
77921
36829
14760
-89476
-3240
69060
82696
-38045
-10759
-58435
-36884
-22235
-14293
-30685
64335
29423
-80328
8566
-65743
4402
-36291
65982
-79374
-65637
95766
26319
41399
-95601
69384
15828
-3814
-59040
1304
71672
44061
97590
94943
22382
38959
-75470
-84866
84880
60200
48395
-10008
7160
54854
-92649
93076
-46571
-11471
17338
-37025
-21309
38591
21272
-58567
4496
91577
72607
-12507
60573
56396
50114
55491
64500
79686
-57913
-81709
42256
73204
82716
-67951
71420
46924
5313
-97566
-76529
-63694
-33219
70
-43816
-95014
-84191
-42648
5268
8957
34668
-44278
17631
70120
47366
-48497
-3492
2171
-54869
30715
63189
89994
-94525
-20559
-26320
-19635
25185
-18617
4617
-30039
-72127
34369
-86401
6988
26284
31996
-27227
-15313
-53365
-48102
-7684
-70272
-35398
54393
96540
12782
5166
-26158
-67843
-79697
25463
58907
50295
54478
-57151
53407
-80530
28627
64939
58440
-75280
24260
97
-20218
-20390
-47602
-32446
79523
65317
-37054
6004
-96926
53699
-78780
-57949
-28107
-70092
36973
14113
-61148
96909
-198
-66465
-56091
-4199
-66622
7095
33857
37111
49321
-73877
42419
94131
42950
-36468
-93819
62368
-60235
25815
40052
79230
61909
61761
91808
34109
-29738
-50895
-22850
-52477
-64890
47533
19714
-17974
81536
-30249
-91756
-49217
-30860
76840
37296
-34464
3592
-357
14801
36619
67689
-62333
66842
-65279
27448
-51851
-45593
55300
-13400
-87754
11201
3778
-26309
5124
-92632
-50677
18923
-49595
-40248
61964
-92606
-24808
-53723
80514
-39839
53497
44061
59037
-21693
-60766
-91944
-47134
-26761
-90303
86068
16311
-64150
30553
10642
-36733
-36370
90857
77542
-54519
-11123
-5433
38418
-69734
-86350
-42514
-86890
46765
58757
37597
-77129
-51467
-10671
-83113
8310
31291
-16586
-54897
43359
-17482
-66138
21267
70537
34562
78722
61396
-88995
12470
81959
-55
43
73699
-46635
-77939
15789
41185
38789
-19256
-92692
-14948
-49741
-28139
-59592
41791
-46862
67639
-2395
66691
-31366
1934
77496
87362
13809
9621
-92225
-34425
-74259
76564
18110
48157
-86403
-76183
73215
38639
49109
62845
89663
60342
-40614
17573
-71538
49052
56686
-49227
-58706
12321
16507
17578
4342
63711
24764
-92481
74329
-85825
26400
52817
-98427
-46812
30744
-57357
96519
67877
-65106
-61616
27618
-89748
-33581
72157
-6701
-81659
-65814
99073
77333
93067
-23871
69902
1249
55532
-34933
52929
93337
-93687
-75719
-65553
57176
12902
-73262
-60328
77034
-80886
11390
66207
-45886
27438
-42675
-19699
-3723
65134
11295
37522
-95617
-43988
31049
-10114
-64533
-11804
3492
-27561
61581
90789
53684
-46612
92780
65735
73918
90626
1506
-79867
77908
-86958
88749
10219
48882
-53070
85420
34888
68124
42403
28409
92502
-73267
-60081
11559
9456
-76867
-20687
-80191
-97098
70210
-48541
61298
37075
35139
88802
-53973
-71418
29053
14091
24945
-47117
63716
-71388
-23524
77348
2162
-50849
50375
79785
21597
336
77228
-40313
-24722
-63065
-57447
44766
50281
70010
24087
56369
-57890
-37023
53229
87017
-4403
31998
84631
72742
-43691
-38036
-89609
-7347
-62319
-92857
55429
83116
-93556
41502
-48027
34532
86445
-80504
84377
-72918
17691
-48139
7676
55050
-92909
70304
51577
-18322
20846
49119
-42761
-75663
-27439
-98138
-32507
92815
-26292
-49099
23057
65977
-44071
53371
12956
-62363
-49494
52044
-83506
66157
-818
-70062
-46835
65263
-6748
-25443
-97514
-93736
-19225
-12264
-50944
28382
18274
27564
-7227
93970
-41868
-64930
-62221
82172
85241
24854
-89508
-9454
-13503
-60638
59955
-79563
54249
-10032
-4738
-11904
-69764
96906
79160
26780
-60689
-22772
-18437
32477
-32945
-68178
61311
-52809
63457
57269
-9445
-92044
33722
11489
-76552
49651
-76254
86676
77558
23042
-96016
47214
23517
-72805
30911
89072
55453
78559
93149
-2765
-4147
15370
-57140
-1507
-85806
62937
69393
-89819
-78574
-79898
12714
60167
17719
-92595
74697
-55727
26634
78151
-88936
-12686
-82902
50908
-34700
60345
18797
-12364
-15525
-83259
-35299
-30168
-66982
-40657
-40417
4332
-23104
44770
56853
9074
2157
-37651
97802
-63197
9367
35448
-98494
14294
92657
-70655
-7667
28896
-6502
88897
-4165
-76072
-751
95174
46841
59678
-33798
-31005
30606
-58105
14968
-4717
61095
-88956
40382
52149
-90484
85476
-71398
28758
6930
-11976
-26077
-49827
-51462
36250
37118
-67366
-96236
-54196
-91737
69217
33602
6868
-98703
-11894
-44846
72037
-23102
-12252
-60888
-38039
-68723
-47869
-58191
49500
44544
-32075
31537
27258
53981
81782
-75329
-30644
-40511
-45223
88541
-28056
27450
61469
36749
-62256
88766
10486
54244
17128
-15044
-35574
-64218
80893
56004
-28504
-36621
-12498
7669
94223
-68167
54154
-15817
-12073
21215
-15921
-70860
59647
53768
-14228
-46162
-8924
-91601
-92570
-57117
85202
635
-90583
918
6814
-46439
633
60996
63092
94716
1912
17521
-76638
14133
92090
34650
-85793
-23181
18599
-83626
17497
-39660
77049
-42256
-52439
-68322
39423
50545
81611
36707
7445
53625
-37839
-62163
-81850
-34713
-5498
-77372
80837
-30199
-2132
-86153
54438
5344
6328
26982
-81437
98217
-83946
-20372
-89674
43885
-28874
95270
3501
-8677
-45933
-80462
-71129
17432
12118
-44282
-17282
-4736
63302
-39552
-47805
-36185
93877
86667
-83472
-14721
58544
-43160
5619
32457
-84902
-2227
37992
85374
-63403
85703
99266
25639
-57577
-29443
-82381
-90654
20210
-9440
25507
2030
286
-65620
-77755
-3555
74108
-13938
5857
-56772
-44265
-1485
17837
-62659
86168
-6218
-10738
-41771
-79596
-13281
-63317
-42580
-50452
77799
41539
70568
-74246
21173
55286
-59943
56430
67019
-92027
-3609
51612
-51199
59409
70297
-21887
39186
-34190
31971
-60592
-59558
68958
-954
-35300
-37279
29568
52166
15157
95600
-63701
24054
32274
-36770
-66319
22563
25434
-4602
-47474
37187
-36757
50725
61309
-19768
90587
-26149
12048
-24785
93412
12346
84824
86419
40413
-39358
50893
66984
48392
40553
-99633
2388
84800
80792
40722
42442
-22286
-39583
9551
56188
-90549
-78590
72190
75851
-82864
59000
-73485
43523
23785
-30703
70900
-21896
-78481
-22402
-33351
92611
-84473
89695
-70409
47242
53890
-10983
-98728
23298
38323
-99643
67244
14157
-4781
94884
86521
-48778
-5666
77864
70378
-70176
83347
-9217
4928
46467
22734
4552
24648
-68586
-60876
89566
76609
-20342
60297
-34958
-58969
7515
-34216
68396
-11535
26256
-45675
-69692
69724
64249
-32849
72435
-12163
25103
13204
14375
44474
-51692
-56600
-94006
-67201
31891
74538
70331
-1402
-89285
-89655
10600
-90563
83816
-86686
-61754
8111
-62531
72019
-76245
-80045
-30834
-67547
-58493
-31870
-27730
-97667
-94370
-93291
-23585
-26259
-23483
-72743
-77717
62717
72895
-62061
53761
-80668
41262
64771
-8361
40331
-69983
-11488
-56743
77619
-28839
43819
25818
-5034
-28721
15081
-68114
-84156
69091
40188
51689
10566
-16227
-2695
34094
-32920
-3584
10253
65288
54827
4087
-48577
-41312
20044
-37144
-25852
-23714
-55406
-85711
23057
-4029
47397
-20997
-63934
-83213
-6110
-93813
-45333
50846
4038
65220
39946
88174
-67146
-36689
-82347
-77101
-41285
49622
-20063
25691
-58243
-71286
-36721
-99871
73129
79984
-99792
7704
70175
41032
-98295
75492
-18402
-94423
53802
-15192
-20733
-94646
22930
45294
22266
-53021
52212
98307
-87437
34102
1803
-71255
73053
-35567
-39012
-39997
-3645
34085
-28582
28911
-46882
-85652
86005
94142
19028
63052
-69115
31272
42285
36389
29012
-29060
58399
12252
8049
14716
-32909
-82999
-70985
-91365
129
82720
45308
-41165
12996
-48698
-97236
-44844
41367
-22049
85363
-61558
14153
-11173
-25398
29255
75399
-40711
-26972
55397
-23344
99030
82831
-95355
-13435
-15130
-66798
4327
79745
-20630
-87941
90996
821
-42797
-21165
12504
89046
46198
-8470
24081
-47374
66075
-94625
-2592
-8164
-31251
67761
-92894
71753
-58978
-19074
84146
-27394
-83573
26386
72656
-83951
10973
-91541
-18121
31452
-87265
53161
29197
62275
-31967
83021
-76062
-41796
-15667
93061
-42936
-20619
-88881
-69741
66096
88244
92172
48819
-53968
63328
5150
-90705
-45018
98315
-5883
-85519
45198
21019
-36838
3958
69305
38032
-80962
12636
22341
92885
64564
-40401
-8066
-95816
74495
-91135
10931
-82921
89073
-28431
51126
-34523
81929
-38288
-33212
68341
52287
-88734
-87248
56636
54749
-94543
-36046
624
58002
18579
1074
-73849
-13696
-23724
-58868
41827
96535
-46061
68711
-6881
1547
-39632
22761
15846
82182
-79414
-63491
-92418
-2306
-59379
-81132
-48863
-90583
-23347
-74786
-59561
-74236
-378
-9952
46628
22974
1629
-67529
-56431
-84341
45613
80771
79433
-98847
-67806
-6795
39885
-24926
94634
-46349
76466
-49334
-82978
36127
80994
22456
-52310
95450
19942
74333
79043
43822
-65731
20387
84174
29872
63846
-70985
76590
-61084
51301
18293
34740
-19
45108
-75857
-36697
86825
-6545
-66650
48506
-70339
-60773
-74485
-90360
66332
-39056
-63194
46047
-51740
75470
38092
-91649
98795
32054
-95025
-46702
-59356
-20572
-59992
-96145
37725
63274
-74277
-68010
-27930
58173
-43
-12
-78147
28861
82651
16911
-43565
41338
21940
49764
-77319
-43627
41161
94824
-26749
-41678
-56443
-94456
-9138
-64712
57169
64177
37895
55265
87416
-6498
26812
86078
-26127
57576
4362
67335
87087
68038
-14022
-99377
39596
-61688
-34684
64710
-35850
-18175
27272
25627
73762
61730
96758
-67807
-78357
38873
-34095
-63818
44784
38718
-16845
-76524
40724
-86887
-484
-24980
43788
-705
-200
22386
-36403
-31715
63776
-15646
-79037
-44465
19409
59705
9385
-58054
30444
69020
-63113
13633
90927
-31415
-81437
-64365
33424
31173
49714
-6304
-96730
-30563
92445
17909
-53668
79929
29949
35734
-82642
2907
59002
78077
26017
-93319
-67740
90735
23183
75698
-31546
6482
79686
29232
-38101
-43587
-26342
-86466
58096
29255
-40817
3203
-10389
9246
58365
58394
-59681
-10462
4956
-75393
40054
-6566
-13776
48133
8129
99378
36266
61127
-62869
-61326
63012
-64740
-44928
23155
23959
-49933
-28837
-78879
60943
-9463
15155
61149
30732
-93255
-64204
23877
-14838
25325
-88090
-40668
35405
39086
-5887
49712
-7764
80024
51884
76287
67383
77763
65884
98628
-60617
24842
81080
-91946
25282
-62243
-85903
76122
55953
51753
-14939
-48477
65434
-93120
75801
18734
-53222
-93121
29614
-84247
-48866
-81716
5545
-16463
82192
-89795
44139
-30482
17317
86664
-20517
-94454
-13198
38441
58464
57628
-61594
74056
-163
-50725
91635
78917
41528
-39481
-21825
85678
-78128
-61479
-29972
36035
36525
-49257
-45262
4698
66150
-6987
-8206
-92256
71300
53032
-82003
-45806
-13958
-25441
6602
-7652
44277
96304
87939
-58384
26811
58163
-41140
75118
57015
-42727
-80999
22277
-62576
-93612
96963
75575
80367
-95494
35748
-13806
-4
-17843
-33738
29618
99913
78600
20047
61545
-74972
13318
28316
-83957
-94178
46604
-14571
50601
-27697
68732
13154
5643
63973
58328
-83551
63107
-63410
-60096
48454
19000
23421
49049
-15842
-69038
-64942
30717
65952
13210
46549
-28687
-66909
-38606
-57538
-42493
15064
74761
67403
44906
-62505
78109
12790
20812
-58203
54428
-50110
-96366
75716
-43405
58915
2138
79216
-23630
-33516
66909
-86814
52215
20159
6769
3547
-47805
-74958
69383
-57405
-72954
-86147
-59591
-45963
-30388
-42977
-55248
-3044
-5987
37565
41661
-83615
12663
74051
-1529
-52186
-13588
68289
96436
-62938
-83375
87165
-10231
99153
-49582
-96705
5972
21910
-54740
-16990
-44554
16738
93635
65186
-41689
9653
-75600
98462
-89101
-96997
-46857
96937
-63907
40993
87351
-56343
-98354
-74336
91700
-25496
3926
18328
-97675
76481
-52749
61133
66426
-98506
91384
81533
45013
-91523
43970
15992
14055
82056
-92221
-15151
93172
92919
-79151
-12628
-83964
85885
34451
81842
-52821
61544
21842
-29209
63055
-43000
-996
47111
-74583
33909
64545
12
15
66
87
63952
-26536
24498
-25348
-47914
-37561
-24441
-75649
37672
-68031
66434
88768
-34701
-27705
-74002
-14461
50614
59090
-80464
65115
79823
81346
23204
-70884
67402
22738
5007
-80090
-628
-97337
27949
-1666
-76864
-88377
-30162
-6913
-97097
-30585
8561
-5559
-78938
-38396
-18894
49114
-34595
-22411
74415
-65226
-25764
-45868
-47660
-89603
-26235
70667
55621
-4574
50041
15980
-14571
-20719
-26010
66947
95337
28836
1977
-7401
-64357
25475
21259
23767
-81693
-18454
-9530
79626
33690
-85871
22751
76624
-49142
19622
26847
5042
-27574
-46201
70705
-69841
-35746
36198
98291
83787
-81239
90174
-88341
33404
28853
-45068
35300
-23473
-32479
-33211
-54890
-5608
72707
-12271
87184
92528
-96857
-40877
-49398
-60176
-97360
65648
-54906
-80254
46018
-31694
9488
-12162
-37635
-33202
41817
25850
-28759
-92871
-60995
-92769
-3154
85806
-19011
-99723
25033
5201
58461
72158
-93981
19086
91488
-15761
-61472
-15417
-58217
-81612
96883
-99608
-95059
-77826
62520
-76382
-1493
2199
-76175
24256
-31442
93769
-66444
82775
18581
-31381
59919
-94744
46435
97277
-83782
88737
70347
77092
72282
80628
73508
49937
-95933
4318
-48567
-86384
31380
49622
-14648
-86588
35057
-6808
-17611
-16486
-38496
-2799
-80856
92518
16616
-6220
-83393
-87221
-95510
-14430
97382
8797
86440
79659
-77505
89011
22762
45169
-29975
-97276
46137
26327
68476
62050
-11913
34059
10225
70833
-39744
-49111
90567
69651
-41855
46670
90555
-12407
-45302
60045
-78827
-15184
-87308
55596
-90175
-13026
21086
-32820
82077
54606
77433
12935
-2860
37508
-54082
-91358
95999
-32115
90483
90142
320
18880
83671
-28941
-3056
33219
-11849
52000
-8744
38536
71945
9544
-69996
92139
-4042
17210
-17858
-60579
-79908
-1413
-19166
-34186
-68350
-86914
-15074
-81974
-43673
-72175
-26475
-4865
-34974
-75960
7349
-77556
84281
33781
-17757
74238
34302
30947
-50236
-15725
-46967
92493
-25908
73572
28834
-98492
64384
98514
11199
11431
2502
-88356
-98406
55060
-42129
-69433
74784
-2391
94840
-57687
13315
-71330
-40140
-81156
64485
70120
77425
-66403
99463
-86180
61133
65825
-23618
54006
26443
28296
-59660
-75676
48582
93337
12208
54853
93666
66964
-16620
-13780
-50658
-15469
-10131
72680
60236
13702
28308
9057
-17615
61664
-93117
-99938
-12975
97903
-20997
45397
-10079
79315
-10463
-95651
99292
-39964
74602
90742
42212
23900
86614
18120
61702
-34102
-45515
27512
30816
84195
-37012
73260
-1407
-56051
-15985
97612
56191
67408
51796
50748
-65159
25473
-16324
-43734
44489
-1233
-66422
97843
-64813
27426
-84264
37919
-95387
94732
-79553
-52096
-26734
-65077
42084
-56710
-55190
86723
-41175
6297
64048
9435
15638
26147
-13703
2499
13586
-33538
-77146
1031
-54761
-30296
-47984
-20451
28194
-63395
-77531
-35395
12216
-22209
-27612
-16844
-93748
25379
33526
-99567
-40113
41014
84851
-30982
-48709
90279
-58254
68712
-16791
11316
65468
-68067
-56063
47247
-43951
6359
86773
-68571
-65949
-3442
60852
10962
28225
9360
-85294
-67434
19769
78055
-43449
4879
38817
39114
-3450
44006
27702
11992
-18957
-20336
-65636
-41722
-94067
-41979
4334
17192
83186
-44233
51562
55234
-37925
-30495
50963
-43949
45934
54750
-29380
-702
-98311
82650
21497
50444
15916
83775
52746
-86301
-35708
50597
8568
27541
53505
77409
37518
-57540
81543
50734
70008
-41782
12328
31262
71505
-72311
95920
-67636
45060
-47563
-56354
-57930
-44207
43591
24013
-11893
20330
40258
44717
-86691
-76802
-9297
-36071
-1130
-82967
82393
-18672
71757
-17691
-4096
65754
88158
18213
99122
3716
-49838
-83727
85670
-64313
-84655
12515
-19372
20690
69280
-42143
63393
69115
-29948
84387
-37726
-28237
-90466
-93822
41628
-65249
35257
-83292
65484
-41839
63535
-98602
-74155
15355
41050
-90889
-9122
1396
41751
90927
64792
34832
85740
68862
38618
6431
-36097
51756
56717
-44995
-31174
-4722
-32440
30422
-1669
3700
90126
77376
27455
21127
6752
-32106
69134
36677
-83828
72265
45268
-32802
-31717
-1195
10406
-87328
1693
58030
91940
47857
-25049
2779
-52218
-3071
-51247
20484
75444
76812
-56443
-93164
77715
-94145
-76346
33997
-4282
-50734
39206
12978
-17831
-44606
98931
-76483
50497
85856
-7655
27378
46978
-32394
-23878
-43424
-62993
88311
83469
-70185
-25339
-12844
1233
70142
-48920
20994
-9575
-56099
23845
-98895
-99570
21438
83027
79335
90725
-95842
-87586
-14026
-7008
27017
-78131
-3148
6389
-42972
-32778
-88408
-35674
-11624
-68499
-42216
-32340
88240
38041
-17075
89984
-87980
35127
-85175
-22949
-929
67562
12223
58835
-74607
60555
-76007
45628
-57840
-99146
97648
24777
-42312
56471
17845
13479
-54150
-71432
-63090
24542
83764
-94820
-75481
-26255
96366
-6678
3611
-1434
-85305
69293
87420
1389
-18329
33554
-508
33939
-58310
69000
-30392
-54245
67182
66833
-2023
-81727
8354
82914
30826
96439
-1695
92843
-5735
-84759
-35
-56948
72297
-53789
34934
-36979
61074
-83930
76410
45898
34797
81322
-23847
24540
92792
32996
34754
75395
43115
93448
-65721
43204
77726
35894
53363
-74101
80269
-78459
-84006
32611
-89922
51049
-95632
-83220
-23545
-88511
-92730
11012
53423
-35900
-54186
64005
-60536
-89086
72657
10361
4161
23694
48857
66391
-94046
34382
72005
84343
-46256
36749
-88036
-65924
11944
4115
-97048
-46388
-24080
-57378
49555
97854
-987
-17618
-37655
47225
-76199
-11615
54699
-76084
-14960
47754
68209
-40807
-97060
92118
85960
-51155
14073
89952
-948
49608
-4408
-87334
71572
26752
82850
81593
80600
48018
-7320
76411
-2197
-48325
27869
-29551
-79240
-19962
-83954
62068
-11221
-6374
29
16581
-64561
-95327
-64731
-28619
99578
67391
23944
96827
-96987
14017
-87786
45034
17825
-72616
25260
-60294
-10354
52171
96598
59608
-17237
64661
-49781
-7029
36232
60503
-84771
-25083
52347
45969
-10499
-96664
59629
-2008
-15954
-48813
-17204
-76017
-9471
20795
5252
-96459
-39235
-33425
-44880
-2223
-99234
70721
-35648
82090
99727
29983
37925
53423
-20643
-68330
-12647
-62193
-46806
10201
-90053
59251
92950
-72846
99851
-1513
35536
51965
85326
405
-39078
4556
-79539
-77825
15441
-43161
53657
-22604
-89247
46806
42024
-54217
-2525
84715
-65944
8791
-45778
46894
62975
-3657
-19132
-96099
-82881
-17795
10903
-57874
26679
9838
-19845
-70520
-44402
23199
-71655
4000
24318
93149
95658
63191
6296
-11832
52695
-24048
-80225
64439
19108
-58357
-81722
38325
87307
86027
-17543
-76298
-72313
-21826
5118
43
-44
-56475
44454
-56063
23263
-27125
49822
60778
74367
2475
-75806
85714
-53356
73986
-71598
98693
38145
78318
73027
6636
-32982
-69525
-78974
-75674
92436
-93857
-59034
48380
-83722
-54051
93263
-79943
-40510
-55883
2785
33002
-33619
16729
42726
-40410
-22884
94440
-22485
-59996
-81787
23208
-64950
89221
71810
-44104
1228
54954
-70826
-68172
96731
95731
66971
-83554
-51020
-76779
6372
-5111
-36421
77253
-98070
80004
77295
46166
14429
978
16157
47792
14947
-11451
88289
15830
87127
66167
5066
-78158
80337
-43971
92374
8768
7159
33088
25062
-79766
85045
-3545
-96855
-11465
-46367
54428
-47653
95822
-38279
77238
82829
99589
-76216
57066
72232
77145
-29158
-27903
-59298
45988
-56411
-99741
42224
-80446
62613
42628
92702
-10104
84094
-36996
61213
-37579
-84103
-2698
71022
23717
612
8989
-78168
-62483
7439
-73579
-55148
-27430
93928
84373
-32169
6768
-40274
58411
-9633
50662
35083
6856
-48123
-99019
12332
94470
21610
-98485
-47724
-49744
33263
-93570
-36780
63343
24765
89851
-36085
32640
6285
-27204
14941
21202
-24427
-51914
-90413
6108
80530
42144
66753
-38619
-1615
86879
-19550
16490
-27961
16435
34843
-72178
-30115
8927
95857
99191
-78520
19764
-8147
43081
-84255
19228
-98574
94355
5627
-23831
-52359
76662
80782
-98841
-79660
22641
-58058
-23252
-71443
-89055
31242
-43033
-84735
-23988
20078
-79090
86710
11883
22733
42330
28965
-19493
-80766
-89474
60577
28572
52944
-49170
-85152
96675
68811
-30212
-83454
39966
53028
45316
-81658
-64901
34835
-53783
-87716
60910
-71706
-58866
-28435
79901
39126
15047
-68414
15873
64080
83242
-3430
96766
-54985
-87381
11318
-36132
-14103
-73926
45856
-16016
-30699
-86153
-10564
-20275
-37185
-95949
-55502
-52203
47785
81834
82915
21769
79802
-20818
-11384
72044
-50267
97925
-12428
35273
29505
-26986
880
-88154
3758
-7227
-75571
-65162
-25019
15477
-34269
45390
-99453
-38513
-35455
37609
53977
-41158
-95161
-73112
54158
14878
-5165
-49733
-61317
89259
-59029
-99959
13378
-72611
-76853
-87326
-204
-70811
43805
65460
-81837
-80464
96529
44265
-78039
-45754
-41279
3495
68724
42860
39531
77323
90985
16826
62670
-64102
9499
45842
30802
-64051
10445
10118
89383
-9806
-46904
-93881
-83132
-23528
83654
67302
88445
3996
6477
51364
27573
35948
31906
96007
38691
-17242
64720
-45512
-18959
-82801
74229
2412
-24943
12982
-51199
36241
61933
-36182
-6262
35102
-48767
87102
17027
80315
19215
95762
71126
86525
87056
26375
41166
48134
-49197
15074
9088
-93858
-5683
50221
-85333
13508
76133
-54655
-54153
10722
61420
-9572
32980
39785
84700
-81573
92422
-84254
49750
-99193
-34005
94866
-79459
77334
67096
42261
43375
99985
69059
-44335
64508
94100
-55682
-3377
-61483
-2363
25090
86813
98016
-68758
-30241
-82746
81029
23284
31730
6812
-49828
-91845
-8634
-44186
-26241
-40615
12247
-26233
-90160
35353
-41217
4703
-94589
-80109
61311
-91676
-40698
-66374
-3099
89912
-50795
-72516
-9477
76054
8656
-4697
-67511
-35477
-71083
-83087
-2299
-28683
-55018
-24315
44293
-19811
22571
-41276
9300
9212
-43594
-61335
-8089
-80342
-17296
31497
-56699
-2632
-73758
-1432
-22209
51738
63747
-81268
-19136
64294
18511
-26367
67455
89197
96985
88498
-41946
-89714
21563
-2130
88639
-2830
-16854
1774
-17747
-97658
28467
45004
41278
-54566
96125
-65040
-32504
8610
-98357
-73652
-43928
71197
-46761
-58547
62608
-83029
62605
73239
29027
-18334
84894
48337
31758
29342
62212
-86299
86939
-75534
-57570
-64069
93312
64112
19272
-42532
-50341
-76469
32946
82330
-92989
2355
77603
27116
-60842
-86453
51272
30425
-88365
-8280
7331
83551
-34970
70809
11214
92021
-45611
12308
-64981
-78923
96141
44262
-74405
70393
-93892
25060
97611
-72379
-43107
-27728
67185
-34478
69847
-93542
5062
-40527
-61119
34112
-64268
78978
-55869
-44573
-10785
89336
2663
15453
-18749
-67713
11579
20762
7247
-78255
10210
-41508
75598
-10657
9247
-50904
37819
14279
85271
-7726
-82203
51868
28460
-75483
-54192
-43578
-89799
61450
-13135
49270
84769
-64931
-84398
-62028
43545
-41848
12657
-25987
95639
80264
85704
-14747
-30366
-20362
11603
64350
24274
30626
22505
-14781
-72761
-83075
77555
-93403
24656
-42998
2606
73331
-27447
-58556
-11733
94806
64302
23954
-37861
75586
-53409
92748
64411
89773
16495
12643
-65422
50409
65703
-33884
71111
-87973
-8443
-53062
-16074
75236
9886
-48498
4965
97235
-56124
-52952
67748
-75049
76442
87279
78958
-2713
-86077
-90383
-39924
45817
-20994
74213
24729
-97028
-34372
-58627
-96723
-23370
68013
-28974
64335
27041
-91529
-31899
-81388
-26048
-67130
-39519
-18222
-13627
-63793
49110
50816
51694
37842
-88102
-27335
80706
-66919
91978
42986
-86931
-66190
21520
64246
-70581
91726
47885
-65398
48437
89817
10869
13537
48915
-51284
90250
44201
-17583
5636
81346
-64420
-44806
-34473
7540
-28399
43459
-98837
-49024
-33870
17334
-52289
68551
-45559
85708
-89939
-48425
40249
-21291
-77452
-9580
-50867
-438
-549
-75528
26429
-40430
22399
-83399
-52386
85915
-24465
30656
10834
50344
94805
-60299
-10615
-31806
78353
-5624
79938
25450
30797
91620
-25160
59915
-35029
10355
-73520
15756
-99252
78871
-4881
10870
-54646
-10155
12513
-56228
-8335
-163
34368
-1877
-46559
-66662
29027
343
-47398
-61923
23721
-19458
-62934
-54777
-58804
-26392
23130
8206
57881
-49662
58820
77176
-3618
52485
-41157
-65429
-49900
10004
21687
62181
-48356
38806
-51117
-64928
23466
-41639
-44969
-61407
-23092
72032
-7738
33792
-89394
27301
-37424
97545
-23779
80908
98324
62424
20560
36578
54519
-86021
-15420
31675
-92367
-19737
36189
66033
92296
-33
-24689
-87324
-1421
781
-1568
65314
-83906
-48113
33913
-6189
44617
21423
90202
-32534
-78784
77051
96464
-98827
-20488
-67332
-11039
-74100
19408
-13444
62117
-16430
-92183
24179
-42564
-92816
-52326
-30932
-50378
9160
32521
69407
81356
18726
92808
-28664
-42115
-32308
47346
92173
-93628
31408
-46208
-26342
30567
-1536
95992
96902
20619
92868
-21342
-69102
31730
-85204
-9785
2604
41409
-38307
54027
-24655
-53722
46199
-19678
-89627
-33471
36998
-22154
-11391
-80684
-36919
-19358
91025
80255
-57700
31725
-74788
76753
15486
-40341
-74032
2316
82558
58946
88418
-44715
4984
70045
-856
-72946
-37067
2290
-24992
18525
69180
-34112
43445
-2949
-86674
-70227
8432
30469
-78283
60357
4085
-94088
74794
79381
74446
78180
89301
-42282
53726
-71901
-27492
45627
73482
-35930
-84676
-7871
28363
35202
-7323
8156
70305
51103
63878
21683
-92800
-67749
-50504
-37751
-25925
-73176
45321
-28805
92708
-66138
-9076
29852
17255
-78965
64928
-88997
-33288
81302
-5904
65728
-95259
-22796
-4328
-36952
-65442
56605
-43555
-62182
-55402
43916
46353
-35784
63666
48859
14096
47758
-58320
67500
-94157
-52210
78805
-7038
-28177
-91036
9693
-4536
-20406
-96070
42519
55496
92048
-69465
-96728
-70857
89885
-53345
4738
-3897
-96784
92748
-68517
-86451
24402
317
43667
14932
-43410
-1402
97497
-51587
-85717
3821
-74627
15645
-17021
-80111
-19110
-75793
15871
51842
96313
-87103
19572
-61045
-15461
-96582
-26936
81852
61823
-73052
73131
81661
-82175
-62863
-41716
-26140
-44547
87411
87468
35139
23932
50356
66608
-4299
-24240
18819
-92073
34389
44019
40100
-39753
-10981
26941
-10080
2746
-92712
-85948
20844
41953
86265
-15545
20250
31532
45273
-74502
59090
55178
-58201
-61819
80307
-72869
43496
56392
80655
65532
-36749
93394
34845
-83141
85404
96360
-83187
-87807
46236
-73153
-48861
-67790
55986
-17735
49020
-59109
83256
-43958
89904
89481
46866
99592
1982
-86677
85516
-4339
-99137
41922
82106
-45975
-79658
50754
-95263
49931
52980
-11913
12477
68813
-95078
-70964
-21298
-89122
49903
59690
36796
45453
51894
-32243
-99522
-44194
23570
65584
-23692
-20574
89618
29251
-24950
-13831
15872
45041
-63341
76356
-25902
20781
-53468
-44726
-63439
-31591
-37782
7128
-22480
-23288
59094
75411
-83237
-6179
56426
-54611
-60395
-62229
-1557
-1380
-93744
-55425
-69875
2662
-48319
-63457
2760
-33629
-60271
-76043
-94751
67745
35471
-76321
-83215
-31941
86694
-28013
-37578
7088
56383
-24288
-18928
28747
-67746
-93893
50764
-59662
64453
-44772
-50019
19073
-98929
-48294
-15012
-44867
51477
47445
-71156
-71478
7270
-42967
-25380
71795
6314
-40444
-79251
-63771
46585
-14824
39283
-72347
-34674
-49186
-8924
16178
7602
-54120
-75019
-56018
-88037
61081
-62499
-61972
2153
-47581
37673
-94981
-95178
-62213
40125
-63596
7084
66647
41031
99811
99288
17038
78431
-1048
29084
-28663
29963
89333
34356
-80620
-63363
56955
-6211
98690
-1048
44646
-17951
-54474
92444
36737
-67722
-31683
-12032
-73388
52687
-29937
94457
17496
12643
69100
33776
-73994
-74710
34256
45883
73888
-55560
7276
-28954
-53194
26104
54002
-21332
51054
-82347
36940
-81331
-42075
45693
-21481
-86258
41925
25163
-67059
48198
-30662
-33572
-28742
-61308
-98449
-30746
70535
-23419
-28780
-90609
-43123
49747
-80674
79022
24933
-30885
-73229
-73339
77045
-75135
42606
16628
2393
-47289
85381
57619
29034
75548
-96562
-68563
98102
-61890
-31599
68534
78863
42910
60393
506
-51
-47693
38938
-9641
-45579
51041
8058
-21529
76446
-35066
72156
-78561
-40138
51297
39806
-10824
-94905
-44724
78454
32341
90290
-69160
-83124
38979
45361
-36513
-5722
95325
2710
95462
41141
-12645
38226
-37532
52270
11796
-94111
82653
-5982
70856
-31197
5986
-74403
12717
63854
-10361
-94693
-30309
76926
78405
-12986
39923
-26260
98062
8111
-55398
68271
9803
61227
30936
-34525
-24868
-71921
60642
-99337
74316
64609
-3823
-89660
-27315
-4149
51647
-87515
54584
68980
-44708
-89901
-20700
-43490
81136
72412
56904
53253
-95445
-98292
-32417
-9225
14195
72976
-81946
-48551
41534
-22565
13109
-72923
-1965
-53560
9595
-9342
59988
-55438
70449
67996
-2978
74022
-37724
11061
44619
92408
52465
-11941
-98641
84387
28662
65747
95906
-95567
-47954
99514
-25679
62246
-25603
41842
-8457
77779
39287
66004
6963
-40046
-86267
-86826
-64226
89402
-62095
63394
-88500
10170
1447
51669
-25227
18458
23852
26552
-59991
65040
77524
-30672
5506
-34275
46440
-8793
-85372
19500
-99205
-18034
-56357
-45702
26943
53550
37387
-58623
-32636
15547
26179
-45205
35798
-3796
30643
32627
87698
-83128
203
49634
-89806
78763
66493
71610
-36419
48683
99528
83269
-38427
11709
-97204
-3172
-95304
-6573
-74168
24817
-81618
12736
-50093
91659
-12436
40817
-3393
64381
35084
-60441
-4343
68942
-25161
-75666
-35156
19535
-88128
-52941
77531
10624
58309
26413
58242
56354
36473
-90323
-90167
77456
90044
52231
45197
33671
-26383
-57206
-99726
79046
-6183
57630
-17179
-62993
82556
-9717
-37787
-12580
-70502
-89476
-3551
-83121
2112
-66387
-70826
-35502
-25030
-12137
76010
-81111
31550
-32415
44459
48914
-94299
-23562
-15447
-45084
-80053
17846
40489
-3867
49497
71898
27817
91405
-7307
12770
46761
-76218
-37055
12062
-72121
-9029
48933
49025
-76086
14961
37468
-22902
1412
-45498
72637
28394
51163
98228
-35918
-78377
8733
66725
63796
-67667
-58821
90905
-49146
51702
74412
-67899
-87114
-45056
35676
-16750
-13718
-86742
47048
47574
8638
92759
-94286
600
101
-555
81671
-809
-52069
20689
-73329
33696
97212
-91363
-23586
-30022
53465
-86684
58158
-59251
14472
-67969
75839
-58221
49678
-28055
93741
76907
-3407
-39688
-48878
-47382
-74052
-70462
-69652
69656
-21338
-30334
-73285
-25027
-20078
7230
-86017
-92280
51710
-19106
-56233
-76745
-95829
-22953
-76853
-97095
-78925
-27183
-74128
77388
67701
55018
21300
18923
-67360
30580
52108
65917
-8383
76038
-7
-58647
42345
-38567
77681
-25033
-38927
-62139
-70196
51570
-39283
95272
12566
1199
-30425
12064
-4606
44625
48747
94585
52452
-51841
-44126
-11045
-51897
12032
25025
82482
-10373
58316
-78185
61743
23374
69857
31770
10856
-22720
35072
50660
-90529
-64709
95075
-18771
65126
85031
19965
-63073
-48703
54533
-64088
80935
83148
28714
64819
-88331
56176
-4787
-21380
-93783
-94891
-50567
-87487
65804
-13909
-88085
-17009
79644
92923
80171
76183
-57144
-98890
15157
-30373
75019
-76293
-75028
-68745
2751
-61848
35872
-96846
81441
19881
-37760
-93001
-10883
-85149
50558
-18605
44084
-34941
-72661
-19403
32950
35550
89590
91249
17
60587
77534
27664
34434
89851
-54253
94628
6552
17090
81307
9648
-28168
-15505
-65541
-92252
93648
64747
86008
19320
12259
-95439
6235
82942
65820
21601
-8967
27289
88398
31139
40763
-85057
-27971
6582
-32409
36233
-9400
-74894
-86738
-10724
35590
66530
-88273
60282
-11643
-9452
-22301
-51988
33862
-53538
-1133
-86847
-43406
97766
45695
28725
-37832
-33315
74917
-63426
84773
70771
50437
34641
-58711
64756
-47066
29030
-31504
15255
74524
-67764
57725
-40253
-68886
-39166
75623
12492
77946
-80646
12122
94116
51814
-18742
-611
-26447
95912
73023
52703
-96435
-23579
-75802
-87778
-24719
-37935
21026
-85442
54931
12858
-43619
-82311
-84033
-19667
-4238
-97499
-93196
34174
84679
-98902
9132
-52482
-53862
-69236
28538
-62795
-47195
-22947
-57937
75086
78118
2150
73941
16645
-12109
-82217
70679
-77173
-77580
-18658
-17212
8217
-60460
-56366
4556
83253
-60656
-85612
-76079
-65878
-21007
67476
-59714
80638
85119
-22607
-39497
93525
-48261
81257
29679
-55638
19098
71163
-94327
63552
-35152
-57623
71869
85381
-26113
-73668
-98398
14210
18344
99133
89634
-4549
20841
51441
-41192
41597
-74378
-57727
-87644
82850
14685
78132
35912
22219
55067
1699
-13290
-63164
45784
14515
98833
-74825
-64789
-43248
88999
-42537
49422
-62103
1245
66978
1677
-43989
-53652
75823
2843
96409
4345
8788
70342
-34482
85091
37155
5622
-84383
25003
88040
-21479
-71583
79655
-51283
33054
95159
-82235
61124
-12038
-93607
15680
-99728
-82193
27013
1816
-82610
72239
-53511
-76636
22452
-59863
67368
-36066
-92770
62674
51231
-93262
94726
14779
18158
24606
-24569
-5172
44625
-28425
78396
69122
-98380
-22541
81678
83855
91135
-22613
66913
57183
-7284
89241
93285
63094
90168
91161
-79652
-50076
38787
-80820
-62398
28119
14817
39578
-73289
5133
-21453
19559
-79020
-58468
-75742
-28397
-17178
93717
94285
82563
-33834
-73677
-89413
-59107
26830
-60210
374
61446
-98528
13777
26996
7553
-99163
-25433
-84437
70548
6882
90110
-2961
84212
94110
80210
-39461
5029
77041
18893
-86606
-7287
21076
-96473
-27457
79277
-65879
39749
-98912
-68303
-89357
70882
23437
88434
66782
-3776
-99686
-76106
25643
77878
78541
-98317
-73714
-23173
29283
-71950
-94886
-45313
-96143
76813
88497
-89636
98883
-70006
-20285
-83715
23862
97158
-41151
85086
26256
27099
-55855
21543
1934
-4939
-61476
97647
-41376
54643
68132
92363
41923
-16189
-79281
99879
64715
88741
-40787
1782
-90763
77109
-4700
-53709
-25966
-30603
72045
47535
33410
-62246
36847
53856
13645
71052
40417
-33176
-53244
-13611
-26070
-55081
-35510
-78098
-5034
-35798
-66201
91451
-19420
-18486
87411
35005
86538
-89523
33030
-52151
76300
27017
-43526
33402
74708
63265
-16107
55702
90985
93471
22110
-20968
71630
74718
19416
-31501
-37861
28969
61036
-4417
62647
-98383
-18014
99779
8844
11112
-93973
63307
-39443
90046
99797
-64738
7475
34188
-52406
-25665
59553
-31056
-64441
-19706
-46017
-83666
-14823
-34900
-94781
74334
67688
57529
84066
-87401
-15743
18537
7900
-86824
46691
-87937
25160
-79292
23890
-13713
70831
-81547
26715
21511
-48660
40876
31671
-57633
42790
81958
46332
-62963
-87384
-64222
-63709
-84389
-15788
-22181
-73856
-97863
-72994
-11308
-40117
92047
-71848
-25709
-29429
-65933
49223
-43040
-77177
62162
-66283
54148
-47832
96122
-69066
-78637
54940
99059
35800
98899
28529
-88334
-70960
45249
-12362
75692
-67703
-70197
79715
-48382
-40038
80917
38841
58713
-75835
56905
98451
59006
-29526
-14153
-96441
-58338
60748
-29897
34573
38122
-11225
-17224
-91757
24023
6865
-20856
-19996
-20780
-42939
-43794
-97259
79173
31995
-99657
-23252
-15390
1397
2659
20144
14625
36015
-78656
-7151
-46879
-47084
77942
60158
73880
-98295
92646
67105
-36167
92322
54414
50923
7107
-35562
68704
-39669
-71816
2178
11131
-30908
15257
59222
50675
32565
-91539
-86290
10279
-55911
-10687
27840
82584
73288
69241
-90706
85841
-9061
-49174
-52139
-72583
-16805
-24261
-49542
-52768
-50339
-14341
71445
69297
72486
-30687
-50620
-14646
76967
-88985
36931
-44888
51764
-73706
11659
93126
-81375
-17068
-19207
-97003
30901
51604
-90903
63602
42474
27274
-18663
-65570
82386
83823
-22593
-47354
52510
90520
-83773
-82760
8677
26130
-54589
76841
-46705
72068
-13038
-8074
-78903
29012
-93351
67709
-33788
-44267
50064
43934
-82730
-23498
7594
-2135
-539
-94820
-76242
59938
-42275
96267
37634
-98346
89609
-37132
41655
21742
88050
-57377
-58327
64330
25023
-40379
76321
-38246
-92419
-1803
3069
-88766
-35421
-95706
10363
-71048
68500
16085
-62475
-74889
60330
41291
-58219
-15701
52439
38728
76216
-79631
73728
-20239
-84070
14103
806
-4155
17609
-36182
70055
89965
-24454
-51562
-30690
-38129
-88222
-27395
69978
88143
-23100
-72376
54711
-48365
-39660
-23280
-82367
50757
76951
-88149
96742
44250
-59285
64117
-36477
78098
-43198
-73670
-34352
57076
25827
-42390
944
-31524
52751
76553
-18733
73530
-55886
77186
-65489
64991
98872
29204
-42885
79638
22601
-80090
-53291
-83504
-18040
-35831
22888
55567
-95335
-24142
19566
87131
9986
-70311
-3226
-11331
56840
54842
-90952
-2464
-65739
-55723
-49003
67346
