-5487
-49316
-63437
777
37187
-39561
-42770
33304
-52281
-66435
-74108
95354
14968
52027
-56090
68410
-65927
26153
-15467
86906
-28117
-43183
42183
6327
-21191
-55980
37308
13934
-26837
-61774
-95866
65293
-35695
-49814
-87313
-36144
-91779
-43771
24857
87261
8986
27223
-43171
-81051
-60451
-66040
68567
36786
-53943
-92317
-1882
-38796
79631
-64742
-63316
23624
-34403
-23564
34851
32189
6771
-30936
44868
-55598
-21036
-47923
21312
-19825
-18814
75903
93648
24894
6839
27784
-61265
-83231
-28367
-65056
-21092
-22519
37524
-3203
11890
55151
26327
-54578
-82842
80912
-61135
42816
-31384
-29918
-57672
-84595
-25571
55510
-79445
51722
-49312
77925
51108
83804
-2905
-65423
94315
-22949
41826
-47689
-31260
-18570
-16954
-32315
-23083
-50704
-85601
-72932
90545
-79219
52594
21365
67752
-83326
57596
-50150
73078
-95599
-28943
-97076
-3996
2380
-23871
-3701
-60725
-41273
-8246
4346
-37558
32448
27436
-63520
-61422
90171
-53056
-24799
-71246
8071
49521
-80707
39448
-49450
-95289
-34079
10506
59867
-81404
-19627
93774
72648
-54135
-57535
86799
52871
18633
20512
-50632
-93735
-10895
27375
20074
-90345
98535
14503
-70598
69696
-14931
46311
18208
-16458
65374
41879
83876
68056
-83130
-80799
78836
-54509
-68861
46265
26488
91276
-6543
-47001
33771
16466
65169
20246
48179
-87411
46790
16895
63872
-4403
-95697
70238
77996
-83621
35737
34922
52718
-49864
-27810
-9211
16282
14349
72205
-16741
-26155
94936
-75797
-61848
67593
90109
46847
-85174
-21606
-7671
-45828
-63794
-46483
32350
-20191
-59647
30569
-87590
65021
17177
-93730
-5674
-23928
-65972
14228
-34573
64258
-32746
-71835
-73385
-48115
34961
62605
90376
22744
-21904
49857
51436
44790
40614
-64430
-39330
37570
835
-79345
21245
-72091
-46182
-58596
47464
-81464
-43481
68726
-15299
31144
-59897
-43885
46196
52632
-57221
-94841
-15176
62452
-74388
35369
-61863
-27907
-32817
-3684
-87408
-73094
97425
45900
6139
-97819
-61745
-14067
20481
-93093
8422
42159
72047
-71238
7931
-13907
-7028
-11710
97479
55969
37406
-49561
-19520
64694
-47116
56207
-63832
89979
83556
-99519
86062
-91601
33816
27646
-38457
23834
-52631
20081
7133
18784
-13322
50519
-70292
-90637
-96801
-55841
-92908
-99696
-95440
-60806
9098
-62455
56134
-35756
80464
-1492
-58618
48667
85813
-51514
-96870
-64598
-42549
-23040
24186
66138
18019
-26841
-1168
-28761
-32672
-36390
-95938
67381
-54633
2462
32495
82478
99452
-61484
54095
-53544
-55374
2782
93367
-31030
-19952
-12685
-72012
-14295
-11224
-57282
3022
50780
-90317
29601
-2048
-14882
-87630
-91139
20643
74953
-15303
28092
79550
90892
1017
-61684
-20391
-48587
-67233
89960
92046
69299
66518
-36592
45176
-49150
56211
-97737
-28590
74223
99928
-40871
-67173
-77191
-9285
36867
46326
-56519
94719
42889
-22053
-64063
35738
98132
-39281
51045
-14995
85138
76589
-52106
90415
70570
-37302
74917
86985
-15442
-39973
21990
-44965
95588
-13571
71186
28239
-3850
61360
78989
96760
-89401
45940
-11096
51905
82588
47725
-88697
-26486
20984
64496
-72416
78987
-22012
-21907
87336
53976
49120
-41664
89443
4887
24915
8383
-94753
-12768
60692
-30133
-25698
61675
1669
72775
63071
-38391
-95652
43435
59923
65183
-29261
31458
-79856
-66735
16810
-61503
35348
-62163
-22946
1397
26841
87554
25846
-76960
-37925
7791
40587
-4037
-61501
46893
-22806
63261
66919
97937
-33192
41534
-13628
25081
55116
-48248
-73721
-6722
-86993
9575
58635
-29829
84708
96604
-23453
4052
-69750
4514
76799
-77490
-56090
33745
-27787
31506
52218
98142
-84493
-501
82377
38032
89845
91075
-80862
-14538
-55545
-58378
-65948
14198
30111
-47578
-21145
-78733
-95874
12695
-70315
59409
-75074
-85212
37947
67761
35240
-45056
-36539
-87512
63827
9493
89924
-29959
-50619
-15188
-69704
-98506
84969
79251
82730
-30589
12069
-7952
-15801
-2288
99781
16331
-10451
35477
-79418
-39963
-22433
3376
-12282
-32843
-10410
-17910
-57927
47028
-78798
95388
62321
22456
-19300
-17896
72601
80556
36669
56090
10629
39324
71827
14403
-83064
-94958
-15863
-59160
-14739
78920
-46924
-93566
94144
-58762
-3874
19016
52814
79007
66089
56048
77017
53591
-12524
6952
-51890
-64575
-19858
58443
-17097
18059
-82754
94611
42599
-31578
-86211
84447
-36904
32413
-56059
96741
-27346
-70786
-64749
7506
-65735
-13685
-79590
57001
23566
88537
-83578
-36492
-91382
42286
14960
-79282
69556
65259
84026
-49940
75098
78680
45377
73432
81835
-90359
63325
37080
-56042
-64368
67282
21115
7172
-1523
69970
45529
-87255
34849
-50184
-75846
-95531
315
55107
-95998
57298
74046
6364
-53639
81310
-98462
22667
-89078
-12888
12732
35569
2764
-18589
61413
81159
81995
-50460
42969
-90769
-11641
9134
13246
-36198
-59073
-80522
97282
-41634
61004
65824
46286
24214
-23068
-99421
29179
57625
76725
22870
-5330
-72393
98402
47236
38577
92409
-94680
-28754
-23985
-91044
-78861
-23274
-23128
-50780
10303
-6241
85598
-16589
-16648
13017
-87394
-89566
85955
-25246
-74577
80692
-35638
-48533
76065
45034
19998
983
-86948
57174
50380
64450
-78402
75074
94934
-42775
-56205
14359
99182
-80852
65866
23204
-94136
-82053
11683
75828
-25005
-60043
-47607
90902
-66353
88313
11849
-77010
46067
4586
33384
-18962
25032
82126
-90343
99031
-43561
-83204
-73047
-77445
3352
25066
-79375
-70193
-41359
82913
-25373
-81028
56179
-3851
77264
75048
8638
66631
-97922
-98698
-54263
-93150
-37677
-98653
-85409
-11571
-26990
37257
39072
-82473
-4561
76180
81104
-56846
-51728
-48924
19608
46932
-7032
21227
-89508
-40891
-21661
5980
-4431
13375
18581
-81744
-60881
-32296
35207
50981
14154
-95589
82431
-72734
42715
-50255
-49106
84968
-79466
-84677
-40591
-42843
69642
-15721
39336
-53383
69167
-46176
-73533
-62959
-35193
85078
35257
-81376
27580
53848
76458
38178
-22235
72439
1373
72800
61626
90
47186
21761
-55477
46862
-39705
24923
88923
-98684
14566
88065
12142
54868
-3689
-58366
55492
62829
-20128
-7506
90294
-34261
-29944
7843
90173
-85696
-32538
6418
61134
5311
71237
-26760
55912
-98481
18029
-97246
-31442
13198
-64498
-21916
-99071
-99687
-83716
1471
92048
75378
-26086
77783
67680
-58093
55277
-2516
-36726
51024
-44302
1296
12340
-82433
-80874
-86650
34146
43134
57465
-23529
91113
41932
24906
-18200
-60079
-6178
69212
11426
-96832
-7888
-64042
53837
-53281
-81574
68839
23073
1641
-6401
-97810
-52624
-96430
66901
-23439
-12058
90715
-12854
23643
78561
-49535
-70462
-17319
-90368
-37631
63215
-72801
-37901
-14729
-91612
-76430
-16236
-58408
-2694
4030
-48096
-53380
-81742
21337
-49087
-57066
28689
-12641
-55879
9745
21452
-90963
41492
22163
63081
10778
-75437
-72337
-45178
-73247
18822
-45124
-27372
-55590
78789
-11427
-61428
39139
50759
-30425
-88402
-14979
-90823
42721
35386
-19086
-32103
90600
96619
-55889
62564
87335
67618
-75698
90280
41151
26797
-18362
-18995
-62352
32034
42777
-17692
63894
59165
37725
-98299
-94426
59150
49203
1364
53904
-62263
-41059
-53100
-80105
-31635
-75262
-70904
90027
-3870
-82978
-3214
52129
-25803
30576
-7455
73611
-78785
-12911
25961
71688
-60637
62575
-69935
-96109
94345
81013
90262
53589
-9604
14264
97537
-99780
-67110
-33202
-30567
36199
-24587
-76043
-99278
43058
-14740
-62244
-69968
-81183
22440
92745
-26783
-48321
66669
2961
48791
50349
-57860
76903
-11205
-2557
-61613
-50505
93734
-65066
61392
14542
58373
-80924
-86482
-25752
82634
78727
-77136
-9173
71487
-5554
-32582
11034
62040
-49089
-96159
-30824
89735
12993
-38824
-61924
-61576
65720
-77925
12230
-97505
-47890
-66932
-3230
39172
-26328
-26159
5824
10685
-94216
-27851
68844
-6564
58124
-50679
-14284
-67006
7187
-76085
-72958
16909
20524
48719
-8887
96894
-66196
-99007
97251
32785
33303
-85270
-78989
93552
-32811
13091
85800
66619
33104
96990
30964
-30673
30562
35405
-79444
96270
33337
-69457
12514
1256
80939
38319
-40677
-13370
16602
-60807
-65738
98599
36855
-52429
-73598
-1865
-76539
-34806
71674
-83347
-67904
67112
56836
-14393
-93212
-72173
-87093
82503
-77250
34708
64175
-48673
-27680
-18347
-76723
-41940
-43802
-63245
-63616
97028
-25416
-52229
70265
-27149
-46473
95986
59569
33218
35424
6874
45532
-203
-91588
-27893
-29883
55457
-67028
-60243
57882
-96295
-47629
-82053
64044
-3967
55173
-68067
62066
-32526
-80228
-83817
-34307
71691
95073
-80500
-470
-90810
69230
1496
80246
43586
-24757
51968
72593
-8446
83124
88203
-82449
-74543
44117
-8483
9619
-73438
-65065
-35218
-44853
-37053
-7669
-36197
-52006
-83856
41999
-24647
74726
-59114
87746
52840
-61227
92699
-64063
83696
-42796
59888
22649
-70096
-63837
3789
53225
68398
68478
-24433
23244
-52814
-30258
88075
-82501
-69685
12867
90785
98753
-28589
-53138
65792
-42952
40446
-82482
-1547
34202
-22189
93441
-85029
27948
-35480
-57107
45905
1182
32585
13974
74556
-44737
89893
-81672
-88645
37296
-99091
-34997
-37727
35892
-50445
-27138
84579
41828
1919
27518
-31858
-92282
-6674
-95212
-95868
55359
-77548
79474
-55570
-15979
50368
94281
5822
35403
35165
69331
-24249
74003
-18517
-98526
-96090
-8043
1174
-72128
-98427
-76308
-12045
-13115
-32231
70062
96078
66334
66659
99916
7931
-82430
-82429
92668
28289
-51656
-40009
-35131
-85744
-20182
19517
-27003
84037
-67827
35900
30503
-56069
35697
93030
-17682
29579
9005
-43226
48148
37193
57674
44772
-37050
-15616
58357
-33893
71769
-12840
-64775
-51533
44478
-55920
-50908
-69479
9378
45127
-81878
92980
72544
-98530
4861
-82660
-85634
-88588
69531
25880
8996
-51727
-94787
30525
8546
72019
33614
-43143
24330
-30313
-49843
32508
-36829
-75016
18316
43725
-62578
-99390
-75199
56432
17265
-41422
-91468
14296
-2309
-87392
97181
66394
99008
-6996
-77680
-90146
62116
-64649
-12698
11792
479
48248
22853
24021
-15999
65302
-14745
53133
-41184
-19175
97760
89801
74811
96138
48107
-82013
-36879
-61540
88723
59566
-44845
90692
99565
-15917
-55000
41660
-9359
-73369
-24642
-92700
-15327
-97949
-87253
23320
-80592
-87615
99048
80514
-85024
23263
97901
71536
31202
53872
-46910
31140
-68178
78817
67825
90567
64618
-12050
-73934
58855
-54954
-48337
-73865
-54098
-76830
-9183
-23218
-51524
47578
72557
76293
44811
82000
-56552
69853
-36395
28885
19957
-72380
64708
-56139
95243
-73458
79104
89782
-90320
30812
-76751
13031
87200
45872
54406
-81989
4555
21589
-17135
-7756
-5694
-65423
-37892
-58119
-13107
97339
8435
82783
-82699
-50044
-23240
-95530
1027
44322
-42825
30112
6150
-54348
76514
-20988
32555
81843
-7366
83053
-4247
70002
11142
-50427
-3902
10705
-41209
-36244
27747
-47413
-64645
-27377
-11548
67718
-41951
-22348
13881
23554
63420
-70570
2056
-38366
-60737
-78732
95931
229
-24264
1813
-28713
-15878
-34487
60857
-46634
-42505
71692
62785
10821
45957
-68138
-53645
-73752
35719
13044
61973
-20906
-37581
95393
-96770
-31123
-27442
82734
-85421
-14232
-97908
-46786
-85659
5395
-94447
48076
-56578
83020
-62114
-64103
-34576
91956
-59950
54637
10638
80924
93236
-26503
50558
25513
-66751
20633
-73666
65680
63441
-91388
77774
1886
28121
-13934
43846
1066
35961
-39855
39304
-67927
-79575
42672
4699
36330
-87926
85066
-44417
75383
64960
43273
65133
-84342
30609
-43250
6590
-90275
-94515
68990
82067
-12844
-68923
-92598
68348
69435
-85338
18451
-39925
44747
-53038
-39500
-21954
45281
51375
11201
-42907
-29067
71821
4266
-37452
-77016
-42681
11857
17155
-91562
-44592
-34108
-57877
8058
65118
-93613
50791
12318
69155
-28012
92528
407
55979
-41618
-43301
-41719
-68432
-45755
-15854
24537
-37270
-87383
27288
-1250
19780
-2408
-46450
-5607
99010
21855
50578
88779
90682
86879
-84978
-5721
97276
-19203
86094
48491
-20630
56531
64309
-8632
-29715
-70664
74322
-15573
34429
9914
-76077
24128
97128
409
25839
85831
-30068
-45447
-40762
23067
17510
40742
-91672
-91947
31944
-69478
-79012
-97673
-80731
92051
58121
-30622
45684
73054
-43673
-27569
-63934
-83874
22789
46683
-64609
-98330
-68594
-42199
60446
-63702
52461
5736
-22895
61562
68385
62258
23071
3325
29058
62923
79025
-61260
-38260
-53871
10757
-45510
46945
-41183
-63879
-90283
29372
-67829
39189
-61842
51378
93767
-49374
91930
-50594
51022
-24157
31713
-41123
-85916
-50964
8477
90623
-16835
-82846
-21127
78279
14649
-28135
-83627
67240
-24011
91004
-11840
74160
-80421
26364
21074
-7027
52655
-26148
3371
-98139
19420
83730
42893
24702
5271
-28625
85701
-27166
64958
99375
65920
-190
-72560
61085
-19649
-50465
-62254
44423
-3824
-43944
-9994
78528
-98005
-37738
90282
-31684
-58515
-14319
63740
-71504
34722
-65679
12889
-59492
53491
64421
-81384
-66252
52418
35793
-99173
89798
5809
19265
-76182
43796
-85363
-54961
71960
-48620
-43789
40317
-67358
58385
72988
67096
75526
95674
60777
-51437
-86860
12384
-30949
57776
16443
-35977
41463
-51289
-47344
-67011
-94737
-12431
1113
-15233
-60059
-68818
-56527
-16008
70778
-17661
-72373
-95897
7700
-27791
55335
-64370
-71141
12986
74484
-49128
-85841
50113
-80203
7343
82006
-71717
70068
58513
54840
-90282
84722
12166
71987
35123
60373
-35788
-63159
98628
-93580
60462
99125
15416
43324
72521
-33178
53630
5503
-76057
46466
50143
-62396
-43438
-65092
34920
76280
-31954
90835
41479
64640
-97683
69049
56708
41988
95675
85340
-18963
-71665
99092
-59132
-50516
-28275
59572
69175
-64811
-29522
-46431
-5675
-69691
6406
-89629
-98620
44189
-36755
4530
47552
32042
10617
81664
-40548
-12178
15693
-43331
21737
57115
-67026
65238
-34614
89499
-42024
86460
9166
-69101
-76642
37949
73568
48129
60558
33309
-70856
-61626
-76088
32495
79267
45471
-92088
-886
75770
-57611
74420
-35448
83589
36008
-64220
87523
39503
-1833
-84415
-65863
28969
-7228
-25127
79388
-4929
-7318
93545
-46372
86203
-86512
9604
-14178
71588
57807
15
-79613
-56549
48122
-93711
-672
-58795
-7743
57743
-89789
22847
-67460
-58533
-69932
60484
-40480
91099
-85599
58670
50698
-36538
48072
-23084
26489
76419
-16853
48097
-6667
4148
-90296
10301
-61852
-60993
60978
25641
-29617
83977
-65227
9214
-51905
42004
-57414
44594
-48871
19201
53514
40455
85658
-58713
-81890
-33259
64413
-32298
-93560
-40461
-84555
-10373
40605
-90676
67656
-26185
52326
-9594
90467
11336
-22875
-47954
-79561
32349
43782
-936
44203
-5713
-64696
17639
85038
40733
24457
34522
-75658
84335
-88649
19499
-59300
49165
-33033
94336
15063
-93963
83633
-25838
84534
11170
-96251
-69609
74268
22028
78743
73784
-83741
-31731
92621
-52253
49120
87824
-33804
63551
95825
58028
72892
94594
41348
15773
-29782
82494
11599
-82020
-41245
-37684
-30626
-25927
-63930
71895
-69198
-57933
56235
-6798
-82353
10070
69479
82846
22969
-35856
-43330
-44471
-94994
-14464
-51673
-64096
98489
8869
-80891
-64282
-10447
96203
61490
-88900
-241
-94905
-71038
76957
-3266
-58553
80279
-42843
-66394
51259
-75896
96533
49550
55376
7018
28169
22980
-60511
-40780
-97073
-71034
-30802
12864
88737
61887
4872
72260
-52422
-67746
-76760
70968
-55409
42136
-59440
99751
-45136
19082
-66192
89254
2305
-74601
66226
84936
-12534
-21044
-76072
69201
25362
-42321
3903
14229
39526
-61773
54163
-48546
57286
-43294
-29867
-15905
84044
-14953
43848
-57539
-47466
74988
51633
-89648
-48618
-62294
-73943
-37718
-40233
-25643
-58693
80887
33341
21330
81430
-12439
67246
34556
-3599
14480
-29055
-78645
64897
-56357
33475
-23575
-65787
98838
93814
80566
1300
8092
72740
11537
-18439
46468
8176
29326
-75455
-31100
-62458
-12949
48035
61730
-31334
85783
84686
-676
52485
28671
36725
52552
37229
25811
68695
-46098
43125
-99674
84976
-54324
20609
-29745
-85479
18394
45694
-3915
7798
-95459
-93259
48305
-12665
-81094
37773
2479
-52121
-17850
-91403
-40462
14434
-37827
91761
-88219
-24037
-32550
-82253
50706
17411
80432
55993
-49019
-69444
74086
6835
40964
79101
71605
-82543
49615
-83550
31128
-7963
35820
-98906
34004
-99909
-51760
20742
82984
69796
-47750
86065
-89770
-28376
97643
83129
-38431
-3551
16266
-49220
-82445
82990
16279
38099
45813
98510
83254
-42590
-12350
-91190
71669
-70195
-87147
-7680
38078
19236
10674
34010
96601
-69427
-10093
9187
-90332
60467
72240
76211
3362
64425
-20189
75239
83171
63910
-97062
-72664
89776
90587
-71061
78656
-18632
85587
-20343
-42398
81371
-1072
50575
-2322
-30706
26466
-99806
52009
-29793
-4322
-67255
47704
50859
-37936
95435
34547
-43087
-56054
56912
-49254
-63423
39402
-61506
-25178
-8421
44840
96425
44077
2827
59630
39410
-93847
52115
76103
-59520
40967
-77922
41516
6681
-70243
35087
39847
-70292
-37306
-80918
48538
1188
22601
-51236
82538
-45156
21065
98324
50216
6611
-48908
51794
-36502
-7861
66031
46451
-5542
3814
49601
70659
71075
-8164
-85938
-91899
8466
-40720
33578
-48114
-4398
-5375
-6031
82652
-38917
26015
-86377
-8791
-68489
-10566
-37072
8273
-80666
78518
69133
-5655
64556
-6391
51350
-7014
-22080
-67943
-97926
-96162
43429
94759
91210
-3535
98661
60014
46318
10257
39335
-28689
33831
69475
-17901
-37220
-39711
77390
83820
14301
70189
90833
-33252
95273
23594
-35183
24734
-12422
50480
-48010
-38879
-52937
65536
-25893
614
-98861
-5175
-86478
53061
27995
93077
73304
-65142
-6020
62931
-42857
-59960
-8194
3482
89875
-33597
47834
-75022
96937
-12197
-505
60564
-28259
18295
42963
82034
-3654
-76529
20850
72769
19817
43257
-87080
5734
-39915
63382
56338
82786
96253
10019
32926
45622
-55515
-7276
8215
22369
-14537
-79870
-81757
72914
62834
-62249
-48722
-27906
-72979
15854
-71799
45314
24372
-46745
-15499
27408
86008
24668
-66626
38760
-30954
-3110
-45412
96823
9490
-76231
81672
93372
-19371
79214
-8647
-98742
-78643
16915
5037
-91260
67786
-15294
41064
-43495
-93253
-20974
57332
68614
-3645
7481
76694
44574
46733
29374
-58461
-46482
97349
54401
37054
76037
80508
73547
-23287
-9945
17274
42385
-33754
88304
-92356
-66174
31960
-75375
-44051
-37340
28182
56563
-67350
-75367
-85010
-64946
1541
-24565
-27220
-2905
19169
95043
55658
-48461
-88799
-1373
-92688
58791
-82531
-63727
-15539
-98748
24278
41907
24708
-32226
-7270
-64654
-60461
-49774
-42872
-2148
51959
-83993
74027
-61001
-52988
-21652
3042
23013
-44407
-67830
62632
76224
78578
8311
-26370
-72501
-2731
71361
55117
-23737
-55631
-51720
-32867
-74923
-50257
-74957
-46085
63835
69106
-66695
-39436
56048
93510
-74224
92634
-14011
-27687
-12712
-57372
94352
68799
-56691
-91065
-64992
80325
53856
-49272
95704
70644
-10688
-4463
-49044
27593
-39434
-71254
52569
-90127
-99176
54522
-97318
-1226
71556
-85188
3336
-95286
40231
-53766
-89553
-64373
-97665
2667
69711
18962
-25024
-21004
49684
5392
-91835
-11843
61941
16093
90024
-88792
-10498
-71363
-71707
-53473
60884
8926
40498
85915
70021
74898
-28180
-97664
9314
74278
-14528
-61683
-79898
16398
15575
62883
-24943
-90649
67046
39735
44937
-29882
16284
-66208
96324
-45165
4099
91359
-65617
96624
-44732
-39379
-31693
-19695
73753
76090
45366
29909
-23566
-65618
14839
7640
24146
32024
58813
-42970
-17882
78222
-49193
-96631
-97393
-5498
69783
37787
-32757
-89512
22693
-81698
27442
97745
39345
11362
83270
-53748
-65527
-56739
-25329
-61300
17597
-20923
29407
24129
-47561
-9849
-4797
-47821
-68620
-50791
25906
85041
89641
-3455
96938
64298
-57064
-76798
57405
-24232
-2969
-61389
52642
-46439
69602
47565
57464
83633
-58245
27662
40692
-75069
44982
-98535
-22338
26176
34851
63341
-69795
-22639
-6439
-68679
-60228
31905
74415
99767
-56562
4725
64517
-47587
-9387
-94788
56687
-99722
-62286
49755
65442
57257
92495
-28430
36645
8573
-79948
27832
73067
-73476
-17315
69947
38052
-72125
-3264
-6571
-2779
64766
68955
14244
29576
-16283
95167
13881
-94138
-62453
-44983
-7575
73931
94821
-1675
-78827
6443
-71078
39665
43272
27008
-78572
77453
-97784
32636
16110
40384
-31596
-25133
83479
-73647
-68740
-45696
-19817
-33335
28360
40568
85436
-93183
-15538
-91824
50267
83275
-85480
-3135
-17500
-19794
-38258
-38901
-180
-51348
-82035
-15547
18229
-21947
-43421
-73299
-89518
43625
95878
-77492
-57703
4042
-15290
13380
84810
16821
-58905
42071
-39119
-32324
-35930
6043
60161
-86046
-27325
56793
-9352
-42411
78682
-55458
70078
-94642
-84143
70733
62259
-43869
-85057
-47283
62476
60748
44879
-85669
85543
67711
-1658
-71912
62593
58041
92602
-85063
-48684
-82055
-64947
-31451
-38786
-18062
29490
-80136
18216
-67003
-4810
73710
80532
68761
27563
-22842
-34602
50395
77291
-79769
-67883
38934
36846
93046
19598
-84798
-80664
37245
62417
62269
54424
61785
-76981
68563
-44676
-26278
80864
-64791
74020
-95244
-62787
-91634
-12417
-80616
23546
59088
30536
45507
-83511
76144
-25268
39099
53169
48973
86048
-80614
12382
68599
14489
14923
88799
51636
15791
-58588
-47522
51348
-80042
-57943
-6735
-40682
-33417
26527
25883
47488
-61986
84749
77665
12283
11325
79840
44489
-86285
-42833
10821
-36635
30432
-15824
93755
-69677
4067
-6795
-33616
-87944
-76292
-82225
68410
-23154
-27637
18383
-11262
-69701
-85655
59578
-74080
-83815
-36530
70995
56898
62371
43237
-587
-70327
-16075
-89824
-69767
-49633
13063
65579
18799
73923
-42335
-76116
-93172
-52910
-69882
-68827
93418
68099
-66823
-49630
50358
-33332
-24790
5630
39806
-70701
-97033
39635
-23319
-50205
85486
86278
-88783
60837
-25468
40223
43927
-68604
-68550
89389
-66486
-77698
26436
90712
73867
85959
75407
82539
80573
-85536
-49197
49536
-30624
-91376
-85891
30814
-6682
-49278
61252
20746
45171
39012
94773
81701
-86276
38696
-48234
51124
27258
4392
-75052
-44180
-1070
-82939
59828
50099
-27985
77019
98933
96393
-34667
92563
63892
48466
-95500
44545
-56466
-81259
-60763
16676
14267
67965
-37131
50825
-76393
33192
91085
79847
18188
-16548
-65384
-94180
43877
-65628
-3884
4417
-2294
-57185
-48107
77965
27658
38102
26164
-8577
78315
91810
89260
48086
72774
-31194
-44693
-49993
7171
-97024
-93861
87549
24469
43600
-74573
95557
89459
37617
57799
-13891
41461
84756
-75373
-750
82539
-55904
16219
-4222
50379
4834
-35441
40745
-85898
58780
-5041
73211
72447
76816
-84094
-26248
-24074
-95938
-20389
-63892
-45721
69071
93834
-51248
-72888
70583
-97454
70823
39953
11795
56895
-14053
7514
-18257
-74720
-26990
89529
-8374
-82075
-92708
-18742
97524
25865
-60094
16090
-97725
33890
-36148
-42721
-50911
-3934
-8302
-9249
74222
-10369
6754
-98788
-66692
-8922
-51994
-54008
-21869
-55186
10792
-73658
74807
-67471
32371
97290
21966
-43867
-56975
-35108
-90112
65431
-74649
-8988
-79769
33712
11864
81397
-76904
-95213
66044
-79914
-45085
55954
11547
-80233
-40206
848
36579
21554
30701
34642
-8225
-5528
54435
87710
-45349
-42269
-23762
-13481
-80760
44226
18861
16796
38667
-77463
54510
-89705
72845
-57033
-52140
-80268
-66369
97261
-77824
-78225
-3601
-16353
40687
27950
52981
-58259
48699
99235
84543
-61826
-28002
58015
-29105
66037
-69824
-82992
-32970
-91531
18492
-40590
81866
66329
-60180
-59680
69447
19781
14214
2691
9997
-48411
-32510
34724
-72178
79260
12597
-89835
-55153
-70853
-40524
-82687
-17247
16360
-3442
60681
-15673
-31221
-66500
68968
-69497
52410
-97806
1809
40535
-7783
-52604
-7212
-86641
28309
-24556
-85150
85513
71964
90565
29600
38257
90549
54583
-88827
84331
-17748
-36667
-21470
-53867
8817
14620
-60170
3003
30967
67726
90113
35508
-96734
-34529
32171
63935
77378
39612
-29213
-75958
-27832
-60768
-40099
60456
-57022
-2569
19804
33031
62818
71274
-51159
80629
12212
56295
14097
83501
-75133
-80481
86076
9605
-59206
-56019
-40737
60956
-16425
-70948
26379
67855
-75066
-8017
-80992
73427
-1879
-39713
14009
67649
-58072
89969
-24891
24242
59305
-29492
-56582
69242
66216
-60428
-36906
-18759
-17750
-60335
49873
-232
-54684
-94781
85321
80797
86336
-81802
-19216
14388
71698
-33728
-42806
21764
33474
89866
51237
43277
-92031
47328
96454
29307
16002
-68848
1312
30478
30200
66116
71469
11040
11295
77329
8539
35053
93935
45995
-35462
-89442
-49704
81594
-27729
-78098
-34653
89828
89785
-82888
22798
-9011
82690
71568
96622
31766
-91081
51131
-18806
90651
20398
-1797
-70659
-43307
-67686
-22447
-43631
22336
-34942
-34510
-22066
-45475
-78239
-93581
-42538
93662
68840
41530
85368
-69802
92420
-47569
-25783
-83418
19653
76865
65709
-32988
32025
-29937
-66937
59109
-39515
21127
-12401
-53477
40953
-98742
-2357
-45812
-93458
-31191
-82003
-76607
98730
-14266
-16998
99745
61084
-55287
-93299
97114
5071
-52397
91840
-26100
6012
-55600
14307
-29406
39405
-5145
64219
37128
42089
31582
-32053
32003
27810
-54411
34393
45414
19707
1929
56325
53202
-69803
35639
77184
-87115
65353
-18213
94700
-74562
88993
-87233
-86229
-67203
-86990
-84804
68626
-82089
56572
49066
-84184
-22617
76162
15211
28591
58072
67633
66934
46919
-97282
27496
-95834
-13844
24044
8175
87330
81682
61624
-67540
3630
-40040
-76374
73733
71636
57185
36483
-77564
19225
48503
40308
92530
-69876
-75113
-37523
-911
81558
67357
-44237
-32824
20185
8497
-40056
-31915
22894
-77828
-79885
-27293
-96041
-57912
-77199
-80555
-30890
66471
-20534
-53025
58596
-73346
97306
-69638
4782
48350
-22656
-9516
-66678
89102
-65752
26519
-65001
-18120
-58533
-34274
-54140
26653
-68839
38860
38306
55165
-1403
-82049
65672
93446
-83724
-63264
97463
88835
-45173
63621
3305
-69120
21314
4655
-34357
-81686
43037
-293
13543
88225
58175
-21182
33087
-73617
-75994
-43326
97182
-87321
25681
-9954
-59724
-18977
31937
-39051
97401
88094
77932
-68805
60353
-39653
93175
61573
16371
71804
-55377
-2737
9571
86109
34789
76230
-73996
-81571
73949
-3860
-49756
58585
34723
-17065
-59552
35034
15889
91607
-44398
74209
-54796
47512
-16286
-46949
-4639
-15460
-98246
-15709
493
-94846
17640
34277
99826
-47720
94
66459
14217
-29700
-54491
-40962
-6952
10571
-91776
-80949
-67629
-94389
82979
22434
-9998
36559
-28993
-26468
98602
20869
-28769
80159
-39566
-58742
50743
16066
26341
-4218
-10651
18433
62344
-47903
-40341
97896
99025
-75189
6509
94121
48315
9566
-37016
27529
-11417
-83847
-23355
138
17465
7289
91689
40864
-48820
-80515
-97832
-56273
79183
18005
-11233
97910
-90462
-7862
62381
16322
-2808
77319
-8634
-53105
83833
-72129
-91757
67713
-13398
-57274
-59885
-95169
-33697
69875
2107
12013
97973
76573
79601
69008
-35941
16588
-98150
-75549
142
-36876
70623
-20465
36135
89129
-19985
2578
93653
83682
-6594
41873
15734
-70274
21002
-23571
-834
-5257
14599
-11567
-56006
65414
-83656
66821
-58923
7090
69389
45139
37128
41212
15963
96069
-36921
61222
51212
82771
24243
79043
96203
-38345
-87158
94892
-15046
94451
-10325
-37024
-87139
50878
-39032
33874
56635
-24847
-63126
59773
18458
95910
-23889
53292
-3999
89302
90661
95219
4342
70358
10682
-50836
62613
-3715
-93095
-10648
-87157
49266
45460
90293
-16508
-58059
-21579
-84222
-9003
-91588
-38464
-39852
-5353
98192
11247
-49560
-73918
-56161
-49715
11814
63999
46208
65481
54593
-15283
-65438
78185
96968
35844
53346
31481
38676
-50016
-72982
14523
59253
71483
-1781
-21984
-49371
-6047
-39243
-36759
-59031
16279
65559
760
68857
5633
-55867
-9468
-83165
-28124
-65478
-74370
42353
80931
-26446
22492
-56794
84629
68611
-83646
11889
3925
-42729
94288
-82805
53517
-80337
-39304
50702
-86988
98706
-56224
10933
15551
-43639
-37568
-26313
85184
-24145
65590
249
-2787
-80397
90681
-7490
-26173
-31690
83864
-53225
-54633
56775
-55689
-49037
-11684
-98662
-69200
-12092
98457
-19614
93850
15205
-37802
50158
50112
-48639
-39124
27949
-35518
43978
-73253
2044
93282
53783
-6734
-36880
31695
-7631
-61939
-5682
1534
40096
69718
74386
-88791
-85834
48837
67992
-80952
25691
-48394
30168
57294
94056
62876
68424
-39881
69298
-69212
46318
-45359
-7253
48511
72276
42196
52436
-5172
-4419
62658
-38598
-55833
-55147
-23547
-54700
10798
3929
37429
18402
-55347
68945
71086
9983
66900
-12680
79678
-12954
-6239
-91208
48631
-22021
24362
38400
-74341
42387
32371
-46737
-93330
-95416
22389
-44557
59047
-50083
65186
67105
-54573
-65334
53517
-53913
59168
72213
-90704
-33877
51589
-22755
-81208
-20288
-41353
66392
4664
66464
-81702
28395
34771
-27
45459
29174
-91551
4957
-39732
80028
-26526
97632
-52033
63249
-70556
-68666
-32531
66589
-45971
-74042
54419
72138
-92095
-72927
-46495
-68526
-64790
18014
87943
501
-91850
85852
48
-3781
67554
38431
-68008
84829
23567
-24210
51226
23686
16348
-11670
-18254
67940
2121
-20400
24007
-43046
-44070
-82295
-39107
67648
31919
97873
79319
89054
-96397
3407
26498
-56836
51845
-41612
-66476
77418
-79204
-32548
4937
-95516
49808
-94426
13829
71918
-77617
81323
56734
50262
89752
-75944
-72485
-98942
33599
4078
-33316
62040
63174
96229
52449
-58476
-72777
-76457
-33400
-14511
95819
-8446
-33647
30673
-38855
-28244
-16889
-68538
-69147
-84308
-88228
-36590
-10082
-54428
15032
91806
-95796
23017
-41718
92062
63082
47863
-39713
88642
-67378
-7157
-84273
-79409
-331
-26892
-58387
80604
-26648
43935
-12357
-54275
-47596
67426
-31022
-40049
13579
-78082
38428
-64171
98176
-95428
-33928
-76342
970
30387
70508
-50421
42683
-54659
61055
-20949
30473
-84888
-32877
-28453
94908
20044
14271
64424
-48014
15774
-33661
-50170
-1729
81500
-16004
-92356
4768
47605
37688
68466
-30614
41924
-43015
-57950
-69546
-46339
46303
-90390
82656
13650
74534
-75646
51637
68679
47790
58351
-24910
-45430
47507
-57472
-54182
89331
50912
54021
89300
-25331
6016
31203
-19130
-18758
79972
-98174
57199
19380
39566
-12794
28226
-63512
-4330
93747
99236
39462
23813
74094
29763
93645
-61430
-61889
-94801
-32065
-12577
-80710
53072
30207
-97528
75867
-37380
-51740
70695
-27789
63212
-69453
50191
-97083
21996
71508
12105
-22515
75849
-30248
97170
-77790
-9159
42381
-50334
73981
64876
56695
58929
58675
29569
2087
-83169
79504
-10450
99511
-27283
14451
-98856
-94407
5141
96371
-48796
60601
41242
95086
80809
66205
5044
91927
-35132
26668
-91866
15103
1001
-76964
-29465
-99861
66555
608
47517
55559
-75800
71600
-13556
-64510
49340
-82729
-46489
62618
-1077
-42361
-42006
-78936
3954
-59395
-50931
97249
-5406
-86701
-35950
-44576
50260
-51954
-7966
2533
69597
-29244
46032
42310
-21045
68552
31706
-61177
-58253
-33677
17398
61465
-78367
44296
85051
-87171
-84166
75431
-51131
91960
97735
31168
-86896
46868
23762
17328
-3577
-842
-77368
-29099
-74129
-70810
11542
87128
28024
301
68700
72967
96532
-97122
88605
-22166
88018
-33310
86732
12487
-33881
98195
64975
-11320
-15026
-36602
4788
89011
16878
-49997
-88747
33350
-61096
-10075
48091
-71654
59956
-70011
-29255
-81739
-16424
-68963
-16362
-58679
94519
-30478
-68971
60799
-14448
-78508
4737
63262
59995
33361
40386
75746
6025
64453
43295
-82802
57968
26487
32837
85883
-46656
-35248
-87584
39853
-1931
-19655
-65595
-1770
-53544
94537
-25943
17519
22032
68693
-90212
29754
46482
-30651
95536
31599
38905
-49589
43542
97437
-78941
64235
-35969
46220
-39611
89906
-91249
32907
21388
-77061
-59415
-36259
-25972
-97892
-90430
-27831
-36415
12725
83049
19809
-56957
71469
-91507
-67435
27042
-19411
63795
-88559
31701
94780
11313
-3839
84601
34243
77156
-85396
81296
-88110
-49040
5644
-74140
-70362
13200
-27578
-43752
-15154
-49922
-84572
-4899
-72116
-69993
-29439
-81669
-46881
-28489
-27678
-32645
49481
-52250
-45855
49685
-4628
67575
-53753
-57209
14161
11975
-9600
88453
36861
90726
-99026
87271
-95300
828
91590
99829
-9941
-11497
-79536
32636
-42976
-48284
42817
-78923
-13005
25607
77548
-2522
-77405
-1414
85453
79281
20001
81377
73600
-77657
-49779
33924
15488
-54756
40807
-14668
20954
-77440
-74412
46517
56441
92759
14631
21165
64730
52856
-34206
15842
-57565
54817
-77208
-89395
-81045
-88127
-4924
36234
51550
-2451
-86339
-31561
-23412
45392
14691
50876
67957
-5400
-11992
-80278
-41945
65404
71569
-38958
-80418
95776
-66316
7812
18213
-89194
-80062
-23306
-56739
45311
-22725
-99008
11453
-35380
51829
80064
58701
-7171
-51357
86412
28415
21065
63050
99674
87332
-59410
86954
9717
-55126
-50593
18473
-69457
-11357
80510
-7681
-39348
54812
-55382
-56172
-61350
21209
-67943
-80454
31825
26807
-54276
-51137
-94398
71865
-56643
51240
33157
-33210
-40367
-64857
-18838
-21107
95898
-16929
54398
-49208
6272
24196
-34825
79219
-82820
34884
-37157
-51137
68950
-92452
-99099
24126
-82156
70426
24770
20346
-64063
-20226
86935
-8901
9399
-91571
17455
47175
-21787
-62540
51473
-82178
37863
79239
-26653
-58208
16407
-80063
94172
-93224
-89557
-54780
-84509
-10377
34845
-65369
-71317
-97995
17320
-22171
-21471
-97528
11051
-83134
-52802
-1955
57013
74395
-94783
59442
24601
68691
-95813
-24348
-44837
-95682
50043
-41112
56458
-16825
-26814
450
-508
-75049
-68724
-30612
282
64191
13165
29575
-86306
-67292
-85732
-92968
4422
66026
80625
39925
-24117
2939
-57439
-61650
-89078
95755
-63815
-27900
52115
-33574
-1651
-41179
103
-93167
-74676
-70502
78703
27819
-65965
-91421
-77905
26522
-93082
-85474
56281
-61070
65583
-36078
46230
-13413
48171
3609
-27218
38409
77845
-26776
72309
47741
-96345
-59064
97583
32519
32624
-14744
73614
-32676
37622
-46034
28436
-90299
-29135
57711
16262
-70179
-70936
-70866
80159
79487
-2378
86737
18802
10629
51638
-63204
-74998
-73157
-71688
19815
-20129
21149
-62319
40519
-13638
-87551
82872
-69717
28058
-95925
61932
-72598
-44312
62362
-57624
-70796
-94571
10298
38635
-92327
-51847
-29288
-27620
2731
81737
14163
-44526
61056
-79362
3369
22510
89471
57165
-24901
-80756
71874
-66064
-82100
-45937
-83497
71012
-99970
-92806
95220
-8985
-76840
-15307
10862
-1769
-58498
-99427
-34244
-99263
3786
-97510
-79872
-74802
-79142
27098
-91159
-50434
-51626
60704
-41596
-42509
10718
-40607
-96373
-1346
-9221
-32531
-44412
95893
75681
88286
44938
-9525
8574
-84717
91280
84728
94907
-90811
-13619
59292
-72462
-95195
-38040
5921
63274
36575
-1874
36728
-29818
-82825
-65826
-78256
46248
-4690
-26897
21810
5000
-70932
-95401
-8094
-64632
6655
-35734
-62496
7180
-11075
14749
27970
79594
18834
63352
50988
60170
83674
-94711
-70913
-81254
-11849
-56351
17908
-12781
45794
-1005
51682
22254
-52795
-38524
43380
16260
-52079
-56052
89653
-30134
59597
90056
-11858
76404
9942
70097
57824
-42914
70696
74387
-35333
13403
-9113
62544
9894
-96867
-45278
79439
-6165
95915
71148
11838
8960
41644
82626
52833
85328
67575
16632
16877
25104
68321
90022
54328
95475
13743
-7825
39326
-92628
-31126
78801
26967
-3668
99065
30844
24353
-83662
80388
-5871
23119
23689
-43860
65841
91838
10279
-39735
-19163
87735
89291
-91564
84779
72597
-77612
70905
-98249
-3119
-92028
70720
-86216
-7045
-93984
60138
-75152
-59077
48950
-37553
33261
-92732
59172
-33840
-82375
98123
-57243
-95656
1349
-81353
64072
-89373
-30664
15527
28016
78426
-79714
30224
42365
-19315
73668
-41328
-35287
72891
-20020
24770
-7019
85113
53383
-64139
-28243
84812
50194
-68040
51236
62740
73347
-79216
6650
-32922
59700
50107
-15304
25203
-59845
11116
-21796
-80187
-66004
-3839
-54236
-98210
-79960
87574
-60160
40634
-33136
44118
-68300
-68983
-64980
-48719
-30358
-3015
-44449
-82629
17139
82830
-82309
76839
-84962
92956
-41286
-83961
-46810
49216
-44891
15919
7155
95368
35752
-53424
74885
-6272
48870
37229
-49324
-47816
-18697
64948
14492
-50709
-62589
-42921
-28491
-48159
-22951
-48345
18239
79507
-12517
52847
24447
75199
-62716
80588
29706
-81445
66870
-35796
-67216
-13487
96791
-48807
-45409
1222
-3653
-61089
-99236
-61339
35672
63337
43406
-81070
97591
-23330
14412
-94917
-10425
90829
58740
-18202
85408
56546
53750
-24346
-39977
-11598
75684
4491
22380
-2097
-96667
81477
-37585
76243
-75167
95082
80053
-61140
59728
53768
71399
27999
89402
96635
-58737
-23954
-41520
84008
8487
48860
74798
64583
24194
-3833
90368
71207
61566
20629
36554
31970
-17951
-4134
-40324
41442
-64472
-82462
16805
85251
-56731
-28982
-60682
-93248
-963
-97546
-91107
79139
15408
-65127
3858
1125
34539
20227
-86292
50537
34568
-33293
92750
71772
-25786
6103
71378
-34903
91132
-54804
51688
8585
38008
34750
64967
6352
-68028
-73921
-91200
-7782
-186
52566
9385
-74995
-27282
31220
-47333
80720
-49714
93147
68479
30717
-33090
68589
-85801
80091
-48446
-71443
-31745
-56630
29840
-46389
16
-49065
-28271
-55524
55375
49344
-59268
-56919
-76460
94900
-56201
64674
-28278
-57882
26439
-73127
-96945
-70703
-67252
-19642
85610
51464
62941
1440
-34253
46112
-490
-92147
-42285
-21197
-3426
4884
-40480
-11071
-704
-49534
-26362
33104
-85661
-78334
57278
23154
84202
36077
83819
-43421
2187
388
-12506
49134
93898
49815
91754
-90313
-22294
-50416
-38504
-25894
-82541
28871
-42005
-80742
-70783
39612
80237
9859
-23437
-50068
48173
-38781
48607
-90926
-90568
-86427
18507
-449
-92702
-31908
-52909
10463
91585
82481
67632
-54689
16275
-64568
-79384
89529
-10653
-14227
-63953
-22848
91795
-40367
-15224
-84242
-34180
-51622
54963
41540
-92010
28457
51664
-91018
-35478
-60569
-88329
-80879
-21125
7209
16456
-46199
64398
-26598
-69984
-35587
36476
20425
28146
-26705
65318
29433
37179
61441
-2144
-83531
-95728
-10164
80805
-20618
-36583
-12468
-57970
55039
13859
-1766
41106
-33337
-82580
-23598
-6021
-50348
88356
-6145
-8939
-67274
96624
67720
-57251
-24
52847
22472
53132
-69274
-9347
23219
-23584
-58658
17433
94316
22174
99408
-82661
-29927
56500
12789
63930
8265
-76757
87963
44010
38277
47202
-46991
-54401
53511
-48326
47304
34843
4299
5379
33453
51027
43010
-9304
31337
-56276
54050
3011
-67130
-10032
-22767
48209
-49604
-19737
654
21274
21432
-20915
63390
48717
-10295
-5401
-73166
-61416
-99721
65808
-45609
-43681
-67236
33721
45675
-90829
23038
-11667
-17094
-85676
20974
54560
-66947
74194
22158
-94585
-84749
95481
57683
-10913
-65724
-66020
-20604
52151
-77962
-82031
-99219
-9042
52399
-42412
11050
-44701
88448
87225
31153
-71909
83893
81113
3048
-47627
66136
-15039
74447
-45211
45261
-73941
-8079
44028
75268
91400
49957
21169
53524
14184
9791
83675
74414
-8204
-61178
-69960
-63990
97019
-7239
-20148
-54339
-92418
37195
-45827
-99222
83793
41174
51509
82603
-49293
95040
-56680
-26143
-20795
-14343
42706
63014
34118
2849
-3524
-40664
16842
-12995
25875
-2710
21979
-42806
-20349
37670
34458
-43664
20337
52835
60953
87983
11831
9220
59608
1459
-92870
94379
-87416
96380
6041
-25763
14570
-32012
-88792
-48894
3244
-82943
53685
-27491
-14975
34928
-13196
59416
-12792
-26731
69230
-78168
-55644
-7506
18485
-59852
98164
33420
55806
-47178
-47688
-93854
15573
58817
64837
15687
80776
-66325
-62410
2545
39512
-61907
-47744
97839
-79458
-34874
93217
21669
-72062
-52007
-20922
41490
24837
-22875
-47309
1084
-98095
52182
-75722
99809
-48845
43027
43260
-4266
-68773
15707
4021
-83768
9322
-9328
27130
54436
-69765
13518
9584
-5142
-18342
-28403
-27459
-38013
79762
73605
-72568
15872
-93983
3532
-36705
-40886
21642
15658
-60408
-29759
-22253
-51493
42763
1866
50620
35526
20818
-38150
-97829
-45054
88857
38555
24998
52834
-32123
-38709
43814
15453
36609
-63079
-66882
-95542
-28702
10150
60553
-61843
44171
15427
50976
18554
42077
-85885
-64481
-60139
20545
14498
-77463
97673
-94013
21221
67972
-7711
48002
-86850
37210
-88533
-91733
96950
97220
11808
-72476
-93222
28153
-90670
47995
-6396
-91541
-93783
40853
-82703
48098
-30273
-85728
10634
-65139
72164
-66500
60621
-98165
-55714
-46760
49506
22148
92050
-32994
22681
96712
44722
86793
-51085
28135
-11002
64362
72702
63570
52548
41511
77262
92618
67604
77967
-11313
84974
50486
-75920
-63914
-31206
-76518
76444
-21373
-87855
8857
-43605
-20975
63366
85838
65543
9027
42602
-8017
99199
-53641
4187
5935
50801
-43598
-87984
62150
72441
-75550
-21101
-51905
59680
-6087
54963
-20289
52034
-35611
91382
18095
4418
-24057
65333
71218
50733
-3290
-30215
-801
-8461
79860
-81074
-95779
48938
8894
44687
33801
70779
-94408
-43648
-2869
22339
79402
76128
-80398
-96662
97833
-8561
31673
-67292
40199
-88472
-84898
1796
69685
-75648
-81346
98952
59405
82425
-39285
-17608
41400
-1719
84297
-37689
-49573
-60405
8506
-23674
-29050
57103
59591
-94942
-98970
-51688
-51641
-97351
59382
-68904
61309
2543
87328
-81053
15462
70649
10542
9310
78776
-78190
97226
31888
39489
2726
-73784
21781
43842
9627
68320
71365
-15790
33105
-21771
-318
94905
65686
33694
47521
91935
12542
10074
-51027
35163
82794
-96525
88772
-8632
-65644
96412
53202
-36120
750
24697
-54598
-60486
30573
51563
19648
-32035
53058
-67403
35114
81059
29380
-42039
87388
90585
-84073
-3335
77287
-37559
54240
86620
-17252
54245
77198
-44897
42791
42015
91318
32599
-32936
84643
-86715
55097
42337
-87940
34175
-77447
32728
-50324
-79643
-97143
-66109
71916
-1643
90353
-1532
-22284
-7151
87178
6282
-54876
-32818
-31059
774
33326
69536
31908
91863
56423
8218
-98377
-93803
60275
57651
-3019
-75092
-71907
-54795
75931
-42185
49416
-41554
63679
-59548
70271
-25365
67392
25470
68597
-76492
2913
-3599
-94417
85858
-19456
-55601
-22775
-65855
-59045
-28247
60282
-98802
-50017
8310
-99991
36592
-61586
39997
18072
-61022
28880
-56848
54605
-29551
67232
2860
-24140
21343
-33186
17398
12589
17719
50341
-86199
-75490
-30336
-58809
-27561
-33017
12271
82537
19738
-73511
-5907
42856
-54858
-42106
-99652
24984
-25156
-60304
-40978
-32418
17122
-14140
47104
-25757
-59284
15384
-55971
-93675
25737
-72350
5728
63524
-9901
61733
-19141
-14094
-72672
-99334
32794
-92083
71760
-78456
-71510
-79094
-98990
-76503
-78780
17162
-97348
98167
-65066
-52169
3179
-40425
-60608
92797
71844
-5379
-77617
-71380
-20878
60288
74990
-37714
-17868
47206
-16776
-81535
-39406
25062
-92033
15048
-20671
-37296
91468
6719
-2416
-52558
92131
33498
-10012
24410
-1173
-96953
5602
67121
5645
13148
17376
10005
42279
40649
-51479
-38307
25513
60037
-42751
-51084
-54671
-94168
-66198
-15055
69484
-53953
-20167
74513
2286
-53642
68472
7942
19207
-5791
-85324
-28308
-48658
-14238
-34318
2616
-48200
43871
47963
5179
2149
73840
-82129
98361
-10771
99217
99363
-62206
-87960
-37737
-86108
49247
91082
6418
38171
81581
-66821
-10863
37782
-17712
29653
27669
-26414
49978
54142
1692
46644
4428
34399
52973
-74727
-16480
75736
63383
80172
55604
-68668
97789
34331
-17419
24285
-73113
26241
-14000
94186
52888
-48404
-95269
39228
-68101
-88460
-63740
-81363
77384
49803
98001
96530
-1378
73898
-53504
-31817
-87565
24014
-76334
-94111
15439
-2110
57771
27128
-3763
60468
-54877
41567
26096
44746
21698
38830
4198
15015
-1248
-1298
-94389
74014
-57112
1328
46990
-92059
-31504
55702
-23341
-35500
-33707
-61823
46175
-82905
96697
-99837
71967
-59879
22875
87141
80208
-6836
40692
85729
5136
56497
-75814
-99338
14492
91492
55959
60883
-56574
46649
84348
-72023
4839
-22015
72389
56599
34542
-55673
17844
-6041
22295
64524
93975
-67583
48012
-72441
70926
7315
-75055
-72307
-8976
60254
10519
85398
89941
69209
-68381
-13986
-7161
53064
47886
90024
-64866
22717
-53462
19877
-78527
88757
85757
-52868
92963
-44683
-28391
-17348
-44702
78035
-78035
-22242
-72456
-77596
57874
-67283
6034
-54106
100
17620
32213
47223
-56261
-8659
17268
48530
74720
72685
35339
-18065
-65709
13627
30409
71959
-89742
83505
19257
-72469
90266
32844
-8122
77699
-42747
-63381
55926
-63449
-53929
-10265
20266
30944
80177
-8863
-47773
-72208
-37985
-14800
66935
-20495
-64679
89521
3964
51880
12029
-95684
55547
-39007
-14686
-64085
73728
-74320
-12521
-35071
75611
-21649
-41320
53404
75614
-82368
47089
-83448
-69655
5362
82628
-81465
-51629
-88734
95850
-35859
-33749
25922
28398
-59946
23878
38148
-37918
-17270
-6738
40280
-31545
-78764
-47760
-82403
9206
75489
-69745
-69429
-43937
3420
-51871
-27053
-17832
90464
-99794
81864
-64322
-94880
31604
84194
62534
3388
-455
-80951
-80340
-27840
-18330
84690
6472
-38275
4849
30718
19724
43790
-64716
5286
1552
21519
80104
-37563
-96502
-25362
-73461
92913
30376
55179
-5081
42961
-99788
-14484
50276
91450
40198
-49907
-69679
63493
81636
-44216
-6267
-38247
50496
6387
-92008
-40485
30418
37175
-96726
49736
28230
-82199
40089
35632
-76869
83820
-41308
8212
-29932
87059
-17997
13424
9849
2216
-73488
-86507
-19999
-96252
-77832
-97085
79991
33085
-81772
94566
-51193
-3182
79437
-78471
-2083
-10029
95364
-21048
-66392
-61509
-21823
-22658
-56452
-97932
27831
36715
23257
-53479
-78768
47411
-43507
-84348
38045
74082
16014
58112
-78964
-98453
-40781
-82379
32913
-55895
68224
-47985
-30959
-36573
31751
22379
64873
23641
47373
-59032
62366
10715
-20179
-59947
-63142
95181
-29883
86339
38607
13563
-2204
-52046
-37105
-17947
-55402
-10193
2411
49216
47154
14862
56610
87719
79508
30534
-55691
26312
14971
-74080
56307
72688
-22779
71768
3652
-22804
59608
-15404
4231
-19682
56349
70211
-54940
91090
99924
5585
10700
42713
-81871
-52946
96390
57577
29356
-62635
-83660
30973
-19573
-36665
81442
-42489
-37116
79765
-72465
99601
-33891
34637
80102
76155
-50687
52459
-87990
75187
-25532
59738
-53776
99559
-12265
-60234
16640
-80841
-87213
2123
-62861
96354
27837
-69045
42247
20344
-77198
25815
-65188
-74140
66061
-644
-58945
-50721
45106
-61596
93685
-89344
-23514
87376
-96788
-51676
94310
52634
-48918
-95327
-98065
61774
43315
11045
66240
-7762
-93561
15387
98269
-79629
87065
-45196
-5034
-95455
78875
8885
25964
14958
97096
-6318
7766
-65027
66853
-91410
53564
-95750
59022
44232
-18447
1144
-54588
73794
-29717
31520
-62300
-93070
89622
3133
83805
1382
88467
68133
80445
-60487
57586
26780
9594
50421
770
-26966
56481
-1274
-32950
-47086
-57715
6208
22671
37372
-21335
-32385
20315
45723
-62306
-53146
7250
9418
-31486
-73042
-66372
89356
-71732
-21739
12859
50287
80160
72378
-6626
4349
12031
-14384
-20975
-47707
61723
15294
-31401
-5308
-43730
-45417
4707
-44982
83177
36734
94564
-22580
-95047
-99569
-14939
95312
8916
-88094
43413
4874
30443
68734
42145
39498
18940
20721
94732
51820
-60277
95591
96512
-10916
-16487
-12257
-10319
18222
11465
-66243
25780
-34916
-77028
-83203
10703
70275
7233
43682
36276
-85170
70084
24359
92403
-20971
-8420
-31559
87308
-53602
76466
46822
79069
-54662
-39957
-66604
-56802
36163
-82635
55787
873
87728
-42919
30270
32366
14705
-63893
-49559
-28666
-69877
69579
-5324
-91687
-21395
-28011
18882
-80805
26786
-57566
42551
8389
52499
-79397
-42462
79918
65742
-65298
-49288
60677
22634
51527
13419
93445
-68136
88372
-88187
-36531
40981
64056
12341
-4639
-62877
50895
-59286
-23449
20829
-98230
-65797
97852
-57015
8772
-10537
-5116
32238
90404
19863
53541
-302
45248
14752
72737
912
-17085
58115
76271
-10185
-76011
35828
42922
-16412
-3745
2462
-15179
-60928
74593
31500
6909
-61443
37203
-67964
36492
-56465
51699
42280
16892
-38692
-28964
-20948
22380
95625
-57079
74829
-80168
63858
73596
5788
37456
-68526
40757
-77204
64518
22026
79249
56313
33376
49639
-11590
-85360
-54017
21423
24810
47548
-70077
38841
73333
-82893
67912
25294
-97277
9998
46375
83139
57475
-26702
-88572
-22235
-86236
96023
-36221
55589
-2273
-33821
-40900
-38182
34395
66852
-98576
-88799
-51967
-24169
85831
-20777
-81224
98288
98969
-99580
21914
-61960
-26922
-10818
83959
-42269
99542
50273
-21009
-40357
16180
-66013
41274
-40303
-55591
-21828
73159
78823
35797
99235
34402
-33578
45692
72205
-3611
-99403
2746
-43732
-92015
64228
40300
16876
62571
-45025
24824
-94276
94348
-19685
-51124
-88427
55859
-54870
2917
-70374
70698
-70948
76423
-27474
14358
8781
60056
-86022
92288
-43411
-26114
69591
92154
-29714
-7063
-503
-44072
71743
-33944
14039
-94931
-72542
-62266
-79764
99314
-42807
14517
-74405
31942
71516
-90869
-28515
-59456
-17638
62041
-52599
29172
-38107
68509
-4764
-61634
75650
13613
-12746
21769
25561
-6837
57584
86939
63323
967
89243
25187
-98938
95694
-24090
-71060
-793
7166
60933
38882
71739
-6248
67486
-87801
11634
-99941
-24238
10885
47774
5148
-88711
-35825
-29326
-99871
-92324
41952
-66749
-35332
43705
33360
-4965
-46422
-62003
-51051
56654
-41679
-14508
6010
-63223
55832
22746
34693
61437
52665
91825
-87301
55883
21132
-78013
88131
77809
79235
21848
-4124
75628
-58261
-11120
-67529
34403
-61799
-7974
-7668
-96216
16340
-18656
-7458
-76007
33791
74203
71004
78921
14861
-11217
88623
81128
-73885
-40721
-24868
-77606
-14798
-63906
28873
46563
56458
7236
81015
52000
-88807
23658
-33536
-80476
58497
-90456
92942
-48481
88996
10385
-70533
-56535
38262
79155
99344
-23414
-22375
54409
-72968
-87052
-22747
21665
-63611
-32020
32264
81281
-66259
-63088
99438
-36109
34867
-74989
4792
90439
-13091
54066
92887
87499
-50732
2541
12833
-56608
-3497
-27228
-3555
9448
-3653
92414
-93829
-37462
-46656
59657
94352
98330
-74945
62191
86384
-22759
86839
-52816
-15743
-74393
95088
19028
-68135
45825
-21251
-90572
80417
1063
29
72844
17952
-22426
-39607
-41653
-10036
-2323
-38785
93035
-57091
62268
-7174
-65291
65467
95536
-57779
30267
-16052
-15951
-84502
-96094
-40045
-81379
-74883
84229
20140
-16451
84673
21712
-26202
49946
27094
-82365
13688
-16652
82523
-71813
76955
82272
-9550
-24430
22468
-29069
-69803
69215
61105
55218
-23005
-69830
-11297
-64694
-63648
-98440
-68040
81919
13706
33433
-74169
66539
62386
-89102
79363
-58040
68756
96576
23882
-39465
-69107
7687
-93782
-11696
68145
56896
51521
-64316
15826
9854
91862
-65790
75175
-38483
11038
-53352
40250
28045
-67411
-10881
28733
27010
14222
-6694
-7235
-51476
-69491
-40323
-15904
6853
33139
24672
47203
18216
51816
93440
5357
55591
-40519
71689
-66956
16945
-31394
-15580
42714
-70845
10081
-58091
65331
-82879
92105
-9753
-92991
74165
70035
-83831
-65121
-47846
95174
-64651
91211
-43886
-80419
22181
6445
-30485
98867
42864
-63986
-4008
89093
-17840
-59090
-13579
56711
15754
9749
-97428
66600
-48435
84161
52444
-85322
31277
-40057
85470
-99550
45517
42900
-28390
22703
90936
18095
-55651
-3356
-42429
-38650
-26929
58141
83057
-952
33008
-43103
96349
5648
75377
-86043
-86566
5716
-23543
-4007
-8233
-92026
95955
-39486
-37762
-43761
-39523
81555
-73511
-41268
-8396
94599
83316
-3882
49012
77163
-73870
84006
-37476
68704
-70497
40540
-59604
-34607
78018
18340
-76873
-97385
74889
-29038
10116
50738
-89071
19467
9060
-21732
64766
90139
8216
-63341
-4158
-99772
-24328
-21754
15184
-11740
38230
-22725
-8920
1067
31908
-9069
-47401
-27607
-53164
-77941
-2296
-6524
29759
-88455
-94425
-9576
11360
-25532
-54016
41930
2714
-24373
-81014
26866
24620
-33338
61505
-39342
79713
-39373
-56892
65652
-34550
-92797
52059
52058
-70190
57653
84421
59375
23681
94006
-14070
-19350
-53875
86069
-21589
-18965
48977
-24333
-46446
44356
-18928
-83896
-51279
-25328
-21276
13308
24126
-48360
-90943
-49854
27975
72845
50874
36674
29474
90099
35919
9187
-57103
2621
-28531
31583
-4892
19258
23270
98417
88623
-26336
12909
-6424
56250
-97800
76708
14339
-8456
1908
-1998
-34341
52037
91022
-99828
-64091
-18290
-14159
48330
-56079
95999
73039
58332
-91878
53956
12891
-78933
82629
-71929
-33845
10488
15024
71436
84735
-12382
87546
-24974
-63869
-48626
-63894
-46744
11641
-83595
81382
32452
-85518
-87802
-40179
-65535
65232
-82797
-74609
-92159
75518
47914
29175
68303
-92015
-51561
-52214
27999
-17113
-59591
33563
64471
79172
-54818
-70706
77297
97250
-91589
-71799
-4417
13669
36073
-89797
-48417
63750
97891
26965
-86032
-94267
-74644
64062
-29246
91992
-12024
-53739
77245
927
49460
95573
27100
4368
-50861
-22551
-48948
-69100
29253
57288
37424
-49020
13885
40660
-34900
-38289
63704
-26598
58554
-54212
48215
78410
14872
43942
50680
82193
8993
51591
-59250
68698
27275
96378
-75227
69064
-48098
-20533
-79520
88378
55256
10254
98969
93691
-27493
50886
36497
77954
-46021
33855
-9543
7764
91734
-73597
-12752
-30527
-96340
-37866
63514
-77996
-94013
11424
8025
-60866
-22438
-52960
56580
-67105
25359
-15886
99594
-92953
64714
-87551
49732
95151
-93799
71582
-1432
42816
-74442
-1429
-21472
-50093
-37283
-47655
-6502
-66415
68357
-15362
67354
-41939
45102
-80698
37635
-68027
46998
-32183
-53613
16665
37150
-51928
-41310
-38179
43304
-58359
-75050
-50657
-84839
41985
82989
53687
46309
-32348
64467
61688
77515
64154
-71818
79382
-73812
1657
45884
-26341
83523
-14794
-20775
39036
51784
71401
60387
24573
30355
26560
-30137
12690
-34059
22597
14970
-48903
-53520
-4862
-39522
40862
6025
-67641
-19807
-3125
-64030
-91814
-88149
2150
57354
69395
79616
-70755
-30966
-72745
13459
17372
92438
-37748
-50142
-37988
83067
-96023
-55615
80483
83700
-2012
55000
57790
89742
56285
-17831
64762
74878
37392
63255
93318
7401
-71483
7974
-93551
-85805
79662
23490
-28928
-10576
70417
-2398
90561
26273
16006
-52184
-58453
-86562
-41639
77013
40952
87585
-81625
-84296
-77579
-35280
-56820
68007
6713
24722
-23167
54434
-98811
6294
-66716
62361
-78536
43009
8268
-36105
5491
-70915
-43526
-43211
-2279
-90157
28579
94917
-79432
-50467
-27086
-46290
-9929
-62836
-72932
75861
-99819
79513
81621
16426
78331
-65482
37603
49095
88513
6207
61358
44391
24784
66023
71932
93617
-45239
-77981
32447
11995
96673
-63827
77700
68402
98435
-15925
4824
46315
97557
-32057
72252
17491
-46586
12071
35450
-41711
-5881
99456
55885
35442
72843
-74792
89333
95354
-71910
